Sample	0	1	2	3	4	5	6	7	8	9	10	11	12	13	14	15	16	17	18	19	20	21	22	23	24	25	26
NS10_paired_1	(50, 15405.0)	(51, 15867.0)	(52, 16347.0)	(53, 16749.0)	(54, 17389.0)	(55, 17168.0)	(56, 17472.0)	(57, 17515.0)	(58, 18691.0)	(59, 17547.0)	(60, 18365.0)	(61, 18450.0)	(62, 19128.0)	(63, 19189.0)	(64, 20241.0)	(65, 20458.0)	(66, 21520.0)	(67, 22347.0)	(68, 23077.0)	(69, 24564.0)	(70, 28196.0)	(71, 29033.0)	(72, 32592.0)	(73, 36758.0)	(74, 45934.0)	(75, 226235.0)	(76, 11643675.0)
NS10_paired_2	(50, 47609.0)	(51, 46060.0)	(52, 46424.0)	(53, 45541.0)	(54, 45557.0)	(55, 46640.0)	(56, 47422.0)	(57, 46922.0)	(58, 46412.0)	(59, 47373.0)	(60, 48239.0)	(61, 47668.0)	(62, 47382.0)	(63, 50625.0)	(64, 53134.0)	(65, 50935.0)	(66, 53514.0)	(67, 55272.0)	(68, 57775.0)	(69, 64003.0)	(70, 72727.0)	(71, 73414.0)	(72, 90188.0)	(73, 120127.0)	(74, 122922.0)	(75, 678355.0)	(76, 10267672.0)
NS11_paired_1	(50, 19893.0)	(51, 20126.0)	(52, 21112.0)	(53, 21420.0)	(54, 22083.0)	(55, 22065.0)	(56, 22445.0)	(57, 21700.0)	(58, 23413.0)	(59, 22722.0)	(60, 23606.0)	(61, 23290.0)	(62, 24267.0)	(63, 24639.0)	(64, 25870.0)	(65, 26057.0)	(66, 27281.0)	(67, 28716.0)	(68, 29488.0)	(69, 31402.0)	(70, 36905.0)	(71, 37748.0)	(72, 42447.0)	(73, 47701.0)	(74, 59000.0)	(75, 281420.0)	(76, 14316586.0)
NS11_paired_2	(50, 52420.0)	(51, 50625.0)	(52, 51107.0)	(53, 49867.0)	(54, 50633.0)	(55, 51594.0)	(56, 52355.0)	(57, 52150.0)	(58, 51817.0)	(59, 53534.0)	(60, 54439.0)	(61, 54156.0)	(62, 53939.0)	(63, 58014.0)	(64, 60731.0)	(65, 58466.0)	(66, 61124.0)	(67, 63451.0)	(68, 66654.0)	(69, 74008.0)	(70, 84244.0)	(71, 85881.0)	(72, 105061.0)	(73, 141142.0)	(74, 143043.0)	(75, 794628.0)	(76, 12828319.0)
NS13_paired_1	(50, 26728.0)	(51, 25727.0)	(52, 26380.0)	(53, 28955.0)	(54, 25766.0)	(55, 26292.0)	(56, 27154.0)	(57, 27371.0)	(58, 28372.0)	(59, 30485.0)	(60, 30866.0)	(61, 32363.0)	(62, 33164.0)	(63, 33664.0)	(64, 33491.0)	(65, 34640.0)	(66, 35300.0)	(67, 36842.0)	(68, 38680.0)	(69, 41002.0)	(70, 44189.0)	(71, 55771.0)	(72, 79809.0)	(73, 108389.0)	(74, 224387.0)	(75, 1930468.0)	(76, 15530518.0)
NS13_paired_2	(50, 34455.0)	(51, 35112.0)	(52, 34691.0)	(53, 35191.0)	(54, 35017.0)	(55, 36834.0)	(56, 37966.0)	(57, 40674.0)	(58, 44446.0)	(59, 45913.0)	(60, 48682.0)	(61, 49786.0)	(62, 51115.0)	(63, 50848.0)	(64, 50338.0)	(65, 51067.0)	(66, 78893.0)	(67, 84900.0)	(68, 49243.0)	(69, 45732.0)	(70, 48984.0)	(71, 55028.0)	(72, 67005.0)	(73, 93532.0)	(74, 232642.0)	(75, 2128335.0)	(76, 15030344.0)
NS21_paired_1	(50, 27552.0)	(51, 27729.0)	(52, 28921.0)	(53, 29148.0)	(54, 29293.0)	(55, 34201.0)	(56, 30949.0)	(57, 34465.0)	(58, 34303.0)	(59, 33140.0)	(60, 34274.0)	(61, 45684.0)	(62, 37187.0)	(63, 39441.0)	(64, 42607.0)	(65, 40848.0)	(66, 41320.0)	(67, 43598.0)	(68, 46084.0)	(69, 51920.0)	(70, 59429.0)	(71, 71107.0)	(72, 97091.0)	(73, 152851.0)	(74, 352953.0)	(75, 2126634.0)	(76, 17280348.0)
NS21_paired_2	(50, 47094.0)	(51, 49727.0)	(52, 44464.0)	(53, 47595.0)	(54, 43281.0)	(55, 43846.0)	(56, 45266.0)	(57, 48052.0)	(58, 51842.0)	(59, 53229.0)	(60, 56981.0)	(61, 59099.0)	(62, 62824.0)	(63, 64527.0)	(64, 68445.0)	(65, 83626.0)	(66, 238825.0)	(67, 363381.0)	(68, 89233.0)	(69, 61907.0)	(70, 62796.0)	(71, 69701.0)	(72, 84017.0)	(73, 116693.0)	(74, 277432.0)	(75, 2363160.0)	(76, 16276034.0)
NS25_paired_1	(50, 32101.0)	(51, 32386.0)	(52, 33503.0)	(53, 33880.0)	(54, 33707.0)	(55, 34554.0)	(56, 34992.0)	(57, 36754.0)	(58, 38015.0)	(59, 39822.0)	(60, 40571.0)	(61, 44211.0)	(62, 44098.0)	(63, 45394.0)	(64, 46329.0)	(65, 47487.0)	(66, 48758.0)	(67, 50275.0)	(68, 53145.0)	(69, 57105.0)	(70, 61295.0)	(71, 71491.0)	(72, 92064.0)	(73, 137772.0)	(74, 354203.0)	(75, 2767831.0)	(76, 23436831.0)
NS25_paired_2	(50, 61651.0)	(51, 62622.0)	(52, 63406.0)	(53, 63585.0)	(54, 63960.0)	(55, 67587.0)	(56, 68773.0)	(57, 73751.0)	(58, 80420.0)	(59, 82590.0)	(60, 88363.0)	(61, 89580.0)	(62, 91597.0)	(63, 92467.0)	(64, 90968.0)	(65, 89929.0)	(66, 111154.0)	(67, 113910.0)	(68, 85745.0)	(69, 85571.0)	(70, 93010.0)	(71, 106561.0)	(72, 132777.0)	(73, 186434.0)	(74, 430210.0)	(75, 3350016.0)	(76, 21821937.0)
NS27_paired_1	(50, 21741.0)	(51, 22025.0)	(52, 22678.0)	(53, 22547.0)	(54, 22752.0)	(55, 22783.0)	(56, 23950.0)	(57, 24977.0)	(58, 25552.0)	(59, 26978.0)	(60, 27591.0)	(61, 29525.0)	(62, 30153.0)	(63, 31255.0)	(64, 31760.0)	(65, 32675.0)	(66, 33712.0)	(67, 34758.0)	(68, 36812.0)	(69, 38926.0)	(70, 41962.0)	(71, 47903.0)	(72, 61770.0)	(73, 92399.0)	(74, 231675.0)	(75, 1729167.0)	(76, 13119829.0)
NS27_paired_2	(50, 47132.0)	(51, 47081.0)	(52, 48848.0)	(53, 47780.0)	(54, 48705.0)	(55, 52360.0)	(56, 52708.0)	(57, 56646.0)	(58, 61686.0)	(59, 63115.0)	(60, 67103.0)	(61, 67716.0)	(62, 68911.0)	(63, 69177.0)	(64, 67713.0)	(65, 65758.0)	(66, 63134.0)	(67, 66023.0)	(68, 62296.0)	(69, 64236.0)	(70, 70074.0)	(71, 78754.0)	(72, 97572.0)	(73, 135738.0)	(74, 296387.0)	(75, 2026709.0)	(76, 11994493.0)
NS28_paired_1	(50, 24681.0)	(51, 24515.0)	(52, 26032.0)	(53, 26695.0)	(54, 27108.0)	(55, 31160.0)	(56, 27425.0)	(57, 32545.0)	(58, 31368.0)	(59, 29772.0)	(60, 30382.0)	(61, 42923.0)	(62, 32302.0)	(63, 34229.0)	(64, 37771.0)	(65, 34993.0)	(66, 34802.0)	(67, 36479.0)	(68, 38452.0)	(69, 43127.0)	(70, 49032.0)	(71, 57898.0)	(72, 79996.0)	(73, 128729.0)	(74, 323175.0)	(75, 2178559.0)	(76, 20878265.0)
NS28_paired_2	(50, 51502.0)	(51, 55442.0)	(52, 49699.0)	(53, 53363.0)	(54, 48667.0)	(55, 50124.0)	(56, 51397.0)	(57, 53948.0)	(58, 58860.0)	(59, 60551.0)	(60, 64675.0)	(61, 66257.0)	(62, 69269.0)	(63, 70796.0)	(64, 74416.0)	(65, 90110.0)	(66, 307801.0)	(67, 375632.0)	(68, 97160.0)	(69, 68362.0)	(70, 69268.0)	(71, 76381.0)	(72, 91886.0)	(73, 126997.0)	(74, 299821.0)	(75, 2678235.0)	(76, 19181796.0)
NS29_paired_1	(50, 29776.0)	(51, 29768.0)	(52, 30831.0)	(53, 31107.0)	(54, 31248.0)	(55, 33254.0)	(56, 33131.0)	(57, 35240.0)	(58, 36611.0)	(59, 37852.0)	(60, 39206.0)	(61, 44037.0)	(62, 42276.0)	(63, 43157.0)	(64, 45408.0)	(65, 45064.0)	(66, 46133.0)	(67, 46155.0)	(68, 49132.0)	(69, 51855.0)	(70, 56301.0)	(71, 60897.0)	(72, 77234.0)	(73, 118793.0)	(74, 294763.0)	(75, 2161539.0)	(76, 15106744.0)
NS29_paired_2	(50, 59806.0)	(51, 59659.0)	(52, 57159.0)	(53, 59866.0)	(54, 61487.0)	(55, 64164.0)	(56, 66457.0)	(57, 75050.0)	(58, 79279.0)	(59, 81456.0)	(60, 89437.0)	(61, 88959.0)	(62, 87846.0)	(63, 86339.0)	(64, 81495.0)	(65, 82288.0)	(66, 128009.0)	(67, 134820.0)	(68, 84083.0)	(69, 77690.0)	(70, 82077.0)	(71, 92782.0)	(72, 108234.0)	(73, 151589.0)	(74, 332440.0)	(75, 2280034.0)	(76, 14005007.0)
NS30_paired_1	(50, 32882.0)	(51, 33533.0)	(52, 36521.0)	(53, 38567.0)	(54, 38071.0)	(55, 51635.0)	(56, 42661.0)	(57, 50840.0)	(58, 48514.0)	(59, 43159.0)	(60, 45533.0)	(61, 79975.0)	(62, 46933.0)	(63, 54058.0)	(64, 64013.0)	(65, 51359.0)	(66, 51095.0)	(67, 54653.0)	(68, 58132.0)	(69, 66751.0)	(70, 91716.0)	(71, 116470.0)	(72, 174517.0)	(73, 257448.0)	(74, 555585.0)	(75, 2379988.0)	(76, 16344638.0)
NS30_paired_2	(50, 54347.0)	(51, 71468.0)	(52, 46340.0)	(53, 62155.0)	(54, 46345.0)	(55, 45463.0)	(56, 49199.0)	(57, 52196.0)	(58, 55562.0)	(59, 57677.0)	(60, 64650.0)	(61, 64980.0)	(62, 67487.0)	(63, 66376.0)	(64, 72163.0)	(65, 98421.0)	(66, 615151.0)	(67, 573584.0)	(68, 142916.0)	(69, 67593.0)	(70, 64762.0)	(71, 68423.0)	(72, 77062.0)	(73, 105413.0)	(74, 251067.0)	(75, 2221206.0)	(76, 15747241.0)
NS32_paired_1	(50, 28385.0)	(51, 26027.0)	(52, 27430.0)	(53, 34979.0)	(54, 27406.0)	(55, 27594.0)	(56, 28309.0)	(57, 28904.0)	(58, 29523.0)	(59, 34481.0)	(60, 34993.0)	(61, 35690.0)	(62, 35854.0)	(63, 36832.0)	(64, 37005.0)	(65, 37993.0)	(66, 39657.0)	(67, 41786.0)	(68, 47884.0)	(69, 47472.0)	(70, 54629.0)	(71, 65429.0)	(72, 125273.0)	(73, 186039.0)	(74, 256420.0)	(75, 2028949.0)	(76, 15758079.0)
NS32_paired_2	(50, 58163.0)	(51, 59074.0)	(52, 54533.0)	(53, 58506.0)	(54, 58203.0)	(55, 60058.0)	(56, 62328.0)	(57, 69065.0)	(58, 72998.0)	(59, 75801.0)	(60, 83265.0)	(61, 82541.0)	(62, 81801.0)	(63, 80578.0)	(64, 78588.0)	(65, 82790.0)	(66, 172531.0)	(67, 200247.0)	(68, 89567.0)	(69, 74058.0)	(70, 76461.0)	(71, 85345.0)	(72, 100792.0)	(73, 140550.0)	(74, 318344.0)	(75, 2363963.0)	(76, 14422872.0)
NS34_paired_1	(50, 13878.0)	(51, 13963.0)	(52, 14690.0)	(53, 14662.0)	(54, 15103.0)	(55, 15117.0)	(56, 15582.0)	(57, 15265.0)	(58, 16773.0)	(59, 15902.0)	(60, 16370.0)	(61, 16684.0)	(62, 17197.0)	(63, 17070.0)	(64, 18129.0)	(65, 18264.0)	(66, 19546.0)	(67, 20249.0)	(68, 21086.0)	(69, 22620.0)	(70, 26793.0)	(71, 27222.0)	(72, 30892.0)	(73, 35114.0)	(74, 43916.0)	(75, 209606.0)	(76, 12021369.0)
NS34_paired_2	(50, 46301.0)	(51, 44426.0)	(52, 44651.0)	(53, 43555.0)	(54, 43851.0)	(55, 44670.0)	(56, 45276.0)	(57, 44903.0)	(58, 44432.0)	(59, 45973.0)	(60, 46276.0)	(61, 46369.0)	(62, 45938.0)	(63, 49284.0)	(64, 51733.0)	(65, 49963.0)	(66, 51900.0)	(67, 54464.0)	(68, 56515.0)	(69, 62690.0)	(70, 71966.0)	(71, 72749.0)	(72, 89537.0)	(73, 119707.0)	(74, 119041.0)	(75, 621625.0)	(76, 10675267.0)
NS36_paired_1	(50, 25139.0)	(51, 25486.0)	(52, 26423.0)	(53, 27233.0)	(54, 28090.0)	(55, 28123.0)	(56, 28650.0)	(57, 28015.0)	(58, 30229.0)	(59, 28664.0)	(60, 29874.0)	(61, 29223.0)	(62, 30810.0)	(63, 30726.0)	(64, 32561.0)	(65, 32732.0)	(66, 34364.0)	(67, 35574.0)	(68, 36838.0)	(69, 38612.0)	(70, 44499.0)	(71, 45134.0)	(72, 49594.0)	(73, 55032.0)	(74, 68038.0)	(75, 342328.0)	(76, 15166856.0)
NS36_paired_2	(50, 70967.0)	(51, 68248.0)	(52, 69496.0)	(53, 67977.0)	(54, 68574.0)	(55, 70118.0)	(56, 71355.0)	(57, 69949.0)	(58, 70834.0)	(59, 71610.0)	(60, 72175.0)	(61, 72701.0)	(62, 72255.0)	(63, 77275.0)	(64, 80402.0)	(65, 77729.0)	(66, 80799.0)	(67, 83414.0)	(68, 88310.0)	(69, 96274.0)	(70, 108028.0)	(71, 109667.0)	(72, 131601.0)	(73, 170077.0)	(74, 179778.0)	(75, 1020321.0)	(76, 13158913.0)
NS38_paired_1	(50, 17396.0)	(51, 17757.0)	(52, 18463.0)	(53, 18764.0)	(54, 19495.0)	(55, 19155.0)	(56, 19505.0)	(57, 19532.0)	(58, 20766.0)	(59, 20058.0)	(60, 20851.0)	(61, 20334.0)	(62, 21381.0)	(63, 21515.0)	(64, 22371.0)	(65, 22703.0)	(66, 24067.0)	(67, 24739.0)	(68, 25647.0)	(69, 27133.0)	(70, 31198.0)	(71, 31515.0)	(72, 35107.0)	(73, 38731.0)	(74, 48472.0)	(75, 243430.0)	(76, 10781638.0)
NS38_paired_2	(50, 52296.0)	(51, 51020.0)	(52, 51556.0)	(53, 49959.0)	(54, 50898.0)	(55, 52223.0)	(56, 52636.0)	(57, 52149.0)	(58, 51764.0)	(59, 52690.0)	(60, 53718.0)	(61, 53150.0)	(62, 53024.0)	(63, 56693.0)	(64, 58952.0)	(65, 56756.0)	(66, 59270.0)	(67, 60990.0)	(68, 63839.0)	(69, 70439.0)	(70, 78729.0)	(71, 79274.0)	(72, 95908.0)	(73, 123399.0)	(74, 129863.0)	(75, 716335.0)	(76, 9304193.0)
NS39_paired_1	(50, 30563.0)	(51, 30005.0)	(52, 31535.0)	(53, 32159.0)	(54, 31620.0)	(55, 32579.0)	(56, 33507.0)	(57, 34629.0)	(58, 35955.0)	(59, 37797.0)	(60, 40043.0)	(61, 40948.0)	(62, 42360.0)	(63, 43348.0)	(64, 44676.0)	(65, 45726.0)	(66, 46810.0)	(67, 46384.0)	(68, 49638.0)	(69, 51299.0)	(70, 54559.0)	(71, 59821.0)	(72, 74788.0)	(73, 114803.0)	(74, 285582.0)	(75, 2238966.0)	(76, 14881692.0)
NS39_paired_2	(50, 55898.0)	(51, 54245.0)	(52, 54157.0)	(53, 56287.0)	(54, 59110.0)	(55, 61797.0)	(56, 63557.0)	(57, 71782.0)	(58, 76161.0)	(59, 78354.0)	(60, 86159.0)	(61, 84905.0)	(62, 83716.0)	(63, 81963.0)	(64, 76482.0)	(65, 75451.0)	(66, 74016.0)	(67, 76719.0)	(68, 71952.0)	(69, 74124.0)	(70, 78395.0)	(71, 88694.0)	(72, 105109.0)	(73, 147699.0)	(74, 327168.0)	(75, 2300324.0)	(76, 14027568.0)
NS40_paired_1	(50, 29901.0)	(51, 28351.0)	(52, 30010.0)	(53, 34856.0)	(54, 29818.0)	(55, 30386.0)	(56, 31584.0)	(57, 31586.0)	(58, 33147.0)	(59, 36765.0)	(60, 37637.0)	(61, 38560.0)	(62, 39932.0)	(63, 40931.0)	(64, 41793.0)	(65, 42679.0)	(66, 44247.0)	(67, 44759.0)	(68, 48958.0)	(69, 52299.0)	(70, 57810.0)	(71, 67883.0)	(72, 111408.0)	(73, 160989.0)	(74, 300443.0)	(75, 2414951.0)	(76, 19066073.0)
NS40_paired_2	(50, 63152.0)	(51, 63694.0)	(52, 60599.0)	(53, 64141.0)	(54, 64867.0)	(55, 67982.0)	(56, 70339.0)	(57, 79262.0)	(58, 83710.0)	(59, 87029.0)	(60, 95992.0)	(61, 94959.0)	(62, 93722.0)	(63, 92700.0)	(64, 88216.0)	(65, 89594.0)	(66, 149353.0)	(67, 138719.0)	(68, 91129.0)	(69, 85380.0)	(70, 90252.0)	(71, 103422.0)	(72, 124435.0)	(73, 176968.0)	(74, 394377.0)	(75, 2849079.0)	(76, 17464684.0)
NS41_paired_1	(50, 26308.0)	(51, 26130.0)	(52, 27061.0)	(53, 27239.0)	(54, 27134.0)	(55, 27703.0)	(56, 28479.0)	(57, 29262.0)	(58, 30452.0)	(59, 31932.0)	(60, 33638.0)	(61, 34649.0)	(62, 35370.0)	(63, 36437.0)	(64, 37955.0)	(65, 38320.0)	(66, 39906.0)	(67, 39090.0)	(68, 41778.0)	(69, 43372.0)	(70, 46147.0)	(71, 51396.0)	(72, 65525.0)	(73, 101281.0)	(74, 268686.0)	(75, 2508707.0)	(76, 21599990.0)
NS41_paired_2	(50, 50451.0)	(51, 48510.0)	(52, 48434.0)	(53, 49407.0)	(54, 52396.0)	(55, 54298.0)	(56, 56680.0)	(57, 63980.0)	(58, 67784.0)	(59, 71130.0)	(60, 78005.0)	(61, 76847.0)	(62, 76394.0)	(63, 74884.0)	(64, 69279.0)	(65, 68976.0)	(66, 77417.0)	(67, 81000.0)	(68, 66589.0)	(69, 66223.0)	(70, 70487.0)	(71, 81470.0)	(72, 97949.0)	(73, 140708.0)	(74, 336358.0)	(75, 2908992.0)	(76, 20369299.0)
NS46_paired_1	(50, 23824.0)	(51, 24415.0)	(52, 24905.0)	(53, 25467.0)	(54, 26038.0)	(55, 26036.0)	(56, 26426.0)	(57, 26344.0)	(58, 27763.0)	(59, 27153.0)	(60, 28309.0)	(61, 27891.0)	(62, 28856.0)	(63, 29016.0)	(64, 30543.0)	(65, 30713.0)	(66, 32553.0)	(67, 33479.0)	(68, 34651.0)	(69, 36761.0)	(70, 42518.0)	(71, 43352.0)	(72, 48113.0)	(73, 53795.0)	(74, 66537.0)	(75, 325236.0)	(76, 16051042.0)
NS46_paired_2	(50, 60993.0)	(51, 59366.0)	(52, 59900.0)	(53, 59117.0)	(54, 60148.0)	(55, 61216.0)	(56, 62463.0)	(57, 62646.0)	(58, 62349.0)	(59, 64180.0)	(60, 65404.0)	(61, 65045.0)	(62, 64531.0)	(63, 70014.0)	(64, 72707.0)	(65, 70250.0)	(66, 73683.0)	(67, 76340.0)	(68, 80424.0)	(69, 88388.0)	(70, 100130.0)	(71, 101046.0)	(72, 122657.0)	(73, 164586.0)	(74, 166830.0)	(75, 931408.0)	(76, 14275915.0)
NS4_paired_1	(50, 19181.0)	(51, 18319.0)	(52, 19414.0)	(53, 21337.0)	(54, 18917.0)	(55, 19142.0)	(56, 19741.0)	(57, 20046.0)	(58, 20968.0)	(59, 23134.0)	(60, 23062.0)	(61, 24572.0)	(62, 24848.0)	(63, 25387.0)	(64, 25529.0)	(65, 26405.0)	(66, 27505.0)	(67, 28559.0)	(68, 30281.0)	(69, 33124.0)	(70, 36961.0)	(71, 44182.0)	(72, 67095.0)	(73, 98594.0)	(74, 195014.0)	(75, 1573113.0)	(76, 12530711.0)
NS4_paired_2	(50, 30424.0)	(51, 30901.0)	(52, 30887.0)	(53, 31150.0)	(54, 30853.0)	(55, 32516.0)	(56, 33228.0)	(57, 35520.0)	(58, 38980.0)	(59, 40150.0)	(60, 42730.0)	(61, 43388.0)	(62, 44882.0)	(63, 45127.0)	(64, 44771.0)	(65, 45522.0)	(66, 71486.0)	(67, 85825.0)	(68, 44748.0)	(69, 41863.0)	(70, 44788.0)	(71, 51171.0)	(72, 63823.0)	(73, 89341.0)	(74, 208750.0)	(75, 1743326.0)	(76, 11968991.0)
NS51_paired_1	(50, 28702.0)	(51, 28790.0)	(52, 29643.0)	(53, 30043.0)	(54, 30081.0)	(55, 30140.0)	(56, 31325.0)	(57, 32141.0)	(58, 33849.0)	(59, 35105.0)	(60, 36466.0)	(61, 37608.0)	(62, 38518.0)	(63, 39708.0)	(64, 40915.0)	(65, 41738.0)	(66, 43075.0)	(67, 42629.0)	(68, 45361.0)	(69, 47265.0)	(70, 50350.0)	(71, 55096.0)	(72, 68774.0)	(73, 105243.0)	(74, 271880.0)	(75, 2372585.0)	(76, 18020472.0)
NS51_paired_2	(50, 44747.0)	(51, 42856.0)	(52, 42970.0)	(53, 43884.0)	(54, 46526.0)	(55, 49193.0)	(56, 51162.0)	(57, 57675.0)	(58, 60694.0)	(59, 63446.0)	(60, 70489.0)	(61, 69256.0)	(62, 68980.0)	(63, 67322.0)	(64, 62557.0)	(65, 61898.0)	(66, 62264.0)	(67, 62753.0)	(68, 58552.0)	(69, 60397.0)	(70, 64526.0)	(71, 74166.0)	(72, 89191.0)	(73, 128845.0)	(74, 302465.0)	(75, 2520572.0)	(76, 17340116.0)
NS55_paired_1	(50, 14967.0)	(51, 15190.0)	(52, 15550.0)	(53, 16180.0)	(54, 16340.0)	(55, 15971.0)	(56, 16514.0)	(57, 16203.0)	(58, 17742.0)	(59, 16822.0)	(60, 17471.0)	(61, 17489.0)	(62, 18196.0)	(63, 18156.0)	(64, 19038.0)	(65, 19065.0)	(66, 20596.0)	(67, 21011.0)	(68, 22018.0)	(69, 23682.0)	(70, 27543.0)	(71, 28655.0)	(72, 32921.0)	(73, 37418.0)	(74, 46374.0)	(75, 219341.0)	(76, 13694276.0)
NS55_paired_2	(50, 39918.0)	(51, 37742.0)	(52, 37745.0)	(53, 36817.0)	(54, 37495.0)	(55, 37984.0)	(56, 38544.0)	(57, 37845.0)	(58, 37927.0)	(59, 38898.0)	(60, 39458.0)	(61, 39129.0)	(62, 39624.0)	(63, 42336.0)	(64, 44399.0)	(65, 42815.0)	(66, 44547.0)	(67, 46638.0)	(68, 48566.0)	(69, 54687.0)	(70, 63655.0)	(71, 63965.0)	(72, 81713.0)	(73, 115547.0)	(74, 113412.0)	(75, 639061.0)	(76, 12544262.0)
NS58_paired_1	(50, 29618.0)	(51, 29146.0)	(52, 30726.0)	(53, 30831.0)	(54, 30219.0)	(55, 30955.0)	(56, 31581.0)	(57, 32498.0)	(58, 33745.0)	(59, 34907.0)	(60, 36671.0)	(61, 37509.0)	(62, 37783.0)	(63, 39318.0)	(64, 40005.0)	(65, 40528.0)	(66, 41849.0)	(67, 40711.0)	(68, 43450.0)	(69, 44293.0)	(70, 47718.0)	(71, 51166.0)	(72, 63608.0)	(73, 97247.0)	(74, 263818.0)	(75, 2729838.0)	(76, 23711912.0)
NS58_paired_2	(50, 34866.0)	(51, 33835.0)	(52, 33173.0)	(53, 33985.0)	(54, 36000.0)	(55, 38013.0)	(56, 38856.0)	(57, 44227.0)	(58, 47789.0)	(59, 49745.0)	(60, 55292.0)	(61, 54843.0)	(62, 55315.0)	(63, 53008.0)	(64, 49404.0)	(65, 47853.0)	(66, 55980.0)	(67, 57151.0)	(68, 45943.0)	(69, 45537.0)	(70, 48678.0)	(71, 55528.0)	(72, 67440.0)	(73, 98921.0)	(74, 259619.0)	(75, 2896129.0)	(76, 23344520.0)
NS62_paired_1	(50, 14404.0)	(51, 14346.0)	(52, 15081.0)	(53, 15358.0)	(54, 15933.0)	(55, 15631.0)	(56, 15931.0)	(57, 15718.0)	(58, 17006.0)	(59, 16313.0)	(60, 16877.0)	(61, 16783.0)	(62, 17500.0)	(63, 17532.0)	(64, 18614.0)	(65, 18674.0)	(66, 19965.0)	(67, 20554.0)	(68, 21146.0)	(69, 23118.0)	(70, 26758.0)	(71, 27921.0)	(72, 31576.0)	(73, 36212.0)	(74, 44791.0)	(75, 210527.0)	(76, 13182293.0)
NS62_paired_2	(50, 37676.0)	(51, 36698.0)	(52, 36873.0)	(53, 36448.0)	(54, 36648.0)	(55, 37609.0)	(56, 37765.0)	(57, 37432.0)	(58, 37235.0)	(59, 38832.0)	(60, 39419.0)	(61, 39229.0)	(62, 39004.0)	(63, 42699.0)	(64, 44096.0)	(65, 42791.0)	(66, 44926.0)	(67, 46544.0)	(68, 48863.0)	(69, 54323.0)	(70, 63780.0)	(71, 64148.0)	(72, 80627.0)	(73, 113678.0)	(74, 110873.0)	(75, 601322.0)	(76, 12057024.0)
NS67_paired_1	(50, 33625.0)	(51, 33088.0)	(52, 34705.0)	(53, 35104.0)	(54, 34888.0)	(55, 35157.0)	(56, 36197.0)	(57, 37471.0)	(58, 38925.0)	(59, 40867.0)	(60, 43115.0)	(61, 43711.0)	(62, 45326.0)	(63, 46797.0)	(64, 48080.0)	(65, 49448.0)	(66, 51361.0)	(67, 50268.0)	(68, 53766.0)	(69, 55323.0)	(70, 59838.0)	(71, 65992.0)	(72, 83588.0)	(73, 131367.0)	(74, 336872.0)	(75, 2982216.0)	(76, 24521986.0)
NS67_paired_2	(50, 50055.0)	(51, 48830.0)	(52, 48369.0)	(53, 49490.0)	(54, 52555.0)	(55, 55538.0)	(56, 57075.0)	(57, 64689.0)	(58, 69625.0)	(59, 72870.0)	(60, 81072.0)	(61, 80414.0)	(62, 79436.0)	(63, 77874.0)	(64, 72448.0)	(65, 70388.0)	(66, 68281.0)	(67, 69246.0)	(68, 67895.0)	(69, 71175.0)	(70, 76998.0)	(71, 88262.0)	(72, 109318.0)	(73, 162757.0)	(74, 378303.0)	(75, 3257046.0)	(76, 23649072.0)
NS6_paired_1	(50, 27323.0)	(51, 26932.0)	(52, 27697.0)	(53, 28865.0)	(54, 27021.0)	(55, 26826.0)	(56, 28131.0)	(57, 28386.0)	(58, 29080.0)	(59, 31646.0)	(60, 31965.0)	(61, 32968.0)	(62, 33850.0)	(63, 34629.0)	(64, 35238.0)	(65, 36069.0)	(66, 36836.0)	(67, 37873.0)	(68, 40141.0)	(69, 43166.0)	(70, 45564.0)	(71, 54387.0)	(72, 78829.0)	(73, 118178.0)	(74, 240011.0)	(75, 2066487.0)	(76, 17895573.0)
NS6_paired_2	(50, 34380.0)	(51, 35042.0)	(52, 34657.0)	(53, 35125.0)	(54, 34645.0)	(55, 37465.0)	(56, 37465.0)	(57, 40541.0)	(58, 44978.0)	(59, 45917.0)	(60, 49367.0)	(61, 50592.0)	(62, 51400.0)	(63, 51571.0)	(64, 50926.0)	(65, 51198.0)	(66, 71773.0)	(67, 86647.0)	(68, 49648.0)	(69, 47490.0)	(70, 50920.0)	(71, 58529.0)	(72, 72005.0)	(73, 103133.0)	(74, 253352.0)	(75, 2366353.0)	(76, 17298552.0)
NS70_paired_1	(50, 12440.0)	(51, 12410.0)	(52, 12794.0)	(53, 13160.0)	(54, 15147.0)	(55, 15289.0)	(56, 14617.0)	(57, 14639.0)	(58, 15046.0)	(59, 16230.0)	(60, 16309.0)	(61, 16699.0)	(62, 18567.0)	(63, 19953.0)	(64, 18732.0)	(65, 19064.0)	(66, 20237.0)	(67, 22739.0)	(68, 26424.0)	(69, 28121.0)	(70, 30768.0)	(71, 32241.0)	(72, 41478.0)	(73, 59689.0)	(74, 165505.0)	(75, 1628563.0)	(76, 18613678.0)
NS70_paired_2	(50, 37067.0)	(51, 47430.0)	(52, 42388.0)	(53, 81324.0)	(54, 62897.0)	(55, 37440.0)	(56, 54246.0)	(57, 50346.0)	(58, 41660.0)	(59, 43343.0)	(60, 41943.0)	(61, 39248.0)	(62, 42553.0)	(63, 40741.0)	(64, 42279.0)	(65, 42256.0)	(66, 50347.0)	(67, 58533.0)	(68, 54657.0)	(69, 77751.0)	(70, 92211.0)	(71, 118166.0)	(72, 132143.0)	(73, 180912.0)	(74, 365330.0)	(75, 2691686.0)	(76, 16351642.0)
NS71_paired_1	(50, 11828.0)	(51, 11896.0)	(52, 12648.0)	(53, 13022.0)	(54, 14773.0)	(55, 15037.0)	(56, 14333.0)	(57, 14473.0)	(58, 14942.0)	(59, 15923.0)	(60, 16250.0)	(61, 17116.0)	(62, 19052.0)	(63, 20454.0)	(64, 19304.0)	(65, 19519.0)	(66, 20873.0)	(67, 23597.0)	(68, 28034.0)	(69, 30531.0)	(70, 33471.0)	(71, 34942.0)	(72, 47300.0)	(73, 71019.0)	(74, 187823.0)	(75, 1669525.0)	(76, 18015809.0)
NS71_paired_2	(50, 43019.0)	(51, 55608.0)	(52, 49028.0)	(53, 91399.0)	(54, 72804.0)	(55, 43388.0)	(56, 63243.0)	(57, 57837.0)	(58, 48055.0)	(59, 50075.0)	(60, 48614.0)	(61, 46527.0)	(62, 50335.0)	(63, 47803.0)	(64, 51179.0)	(65, 51933.0)	(66, 69141.0)	(67, 78533.0)	(68, 65369.0)	(69, 92364.0)	(70, 109624.0)	(71, 138471.0)	(72, 156837.0)	(73, 213594.0)	(74, 408745.0)	(75, 2695865.0)	(76, 15514104.0)
NS72_paired_1	(50, 13572.0)	(51, 12563.0)	(52, 12916.0)	(53, 16268.0)	(54, 15308.0)	(55, 14777.0)	(56, 13997.0)	(57, 13614.0)	(58, 14443.0)	(59, 17738.0)	(60, 16638.0)	(61, 16909.0)	(62, 18577.0)	(63, 19523.0)	(64, 17992.0)	(65, 18090.0)	(66, 19201.0)	(67, 22632.0)	(68, 30026.0)	(69, 31766.0)	(70, 38006.0)	(71, 45856.0)	(72, 103990.0)	(73, 122974.0)	(74, 181287.0)	(75, 1624257.0)	(76, 19277356.0)
NS72_paired_2	(50, 48328.0)	(51, 65744.0)	(52, 52305.0)	(53, 99258.0)	(54, 76368.0)	(55, 45618.0)	(56, 66202.0)	(57, 59670.0)	(58, 50535.0)	(59, 51950.0)	(60, 50576.0)	(61, 49314.0)	(62, 54155.0)	(63, 51640.0)	(64, 56251.0)	(65, 60868.0)	(66, 143160.0)	(67, 126355.0)	(68, 73364.0)	(69, 95487.0)	(70, 113253.0)	(71, 142137.0)	(72, 160233.0)	(73, 218530.0)	(74, 420768.0)	(75, 2802564.0)	(76, 16515643.0)
NS77_paired_1	(50, 8373.0)	(51, 8956.0)	(52, 9712.0)	(53, 11316.0)	(54, 11659.0)	(55, 13762.0)	(56, 13445.0)	(57, 13698.0)	(58, 14039.0)	(59, 14279.0)	(60, 16143.0)	(61, 16769.0)	(62, 16291.0)	(63, 19740.0)	(64, 19938.0)	(65, 20391.0)	(66, 22822.0)	(67, 23846.0)	(68, 25865.0)	(69, 29240.0)	(70, 35551.0)	(71, 44458.0)	(72, 68481.0)	(73, 120298.0)	(74, 290121.0)	(75, 3028979.0)	(76, 13849363.0)
NS77_paired_2	(50, 36676.0)	(51, 36643.0)	(52, 39032.0)	(53, 40384.0)	(54, 40789.0)	(55, 48028.0)	(56, 46213.0)	(57, 48700.0)	(58, 56718.0)	(59, 50604.0)	(60, 57097.0)	(61, 66222.0)	(62, 67742.0)	(63, 79725.0)	(64, 82478.0)	(65, 91165.0)	(66, 91965.0)	(67, 98421.0)	(68, 108504.0)	(69, 113918.0)	(70, 126667.0)	(71, 158401.0)	(72, 204140.0)	(73, 299237.0)	(74, 566772.0)	(75, 3308749.0)	(76, 11802545.0)
NS78_paired_1	(50, 13426.0)	(51, 16396.0)	(52, 19395.0)	(53, 38509.0)	(54, 30817.0)	(55, 52755.0)	(56, 46349.0)	(57, 37500.0)	(58, 39877.0)	(59, 29488.0)	(60, 44099.0)	(61, 49855.0)	(62, 34828.0)	(63, 42308.0)	(64, 55322.0)	(65, 45584.0)	(66, 47022.0)	(67, 52325.0)	(68, 62647.0)	(69, 67884.0)	(70, 85872.0)	(71, 106050.0)	(72, 167874.0)	(73, 240519.0)	(74, 514983.0)	(75, 3309481.0)	(76, 9322247.0)
NS78_paired_2	(50, 62427.0)	(51, 59570.0)	(52, 67527.0)	(53, 60623.0)	(54, 63894.0)	(55, 99761.0)	(56, 78981.0)	(57, 89307.0)	(58, 115942.0)	(59, 76446.0)	(60, 123373.0)	(61, 156138.0)	(62, 116810.0)	(63, 176684.0)	(64, 121219.0)	(65, 145829.0)	(66, 106267.0)	(67, 112778.0)	(68, 132107.0)	(69, 128276.0)	(70, 140750.0)	(71, 154466.0)	(72, 178591.0)	(73, 246122.0)	(74, 477322.0)	(75, 2656651.0)	(76, 8625551.0)
NS79_paired_1	(50, 9403.0)	(51, 9503.0)	(52, 9968.0)	(53, 10045.0)	(54, 11824.0)	(55, 12177.0)	(56, 11338.0)	(57, 11413.0)	(58, 11681.0)	(59, 12760.0)	(60, 12887.0)	(61, 13540.0)	(62, 15013.0)	(63, 16040.0)	(64, 15240.0)	(65, 14983.0)	(66, 16386.0)	(67, 18198.0)	(68, 21818.0)	(69, 23601.0)	(70, 26392.0)	(71, 27335.0)	(72, 35811.0)	(73, 52898.0)	(74, 147791.0)	(75, 1363378.0)	(76, 15065440.0)
NS79_paired_2	(50, 36562.0)	(51, 47082.0)	(52, 41049.0)	(53, 75768.0)	(54, 60083.0)	(55, 35579.0)	(56, 51656.0)	(57, 47215.0)	(58, 39790.0)	(59, 41383.0)	(60, 39704.0)	(61, 37756.0)	(62, 41255.0)	(63, 39657.0)	(64, 42225.0)	(65, 43032.0)	(66, 68629.0)	(67, 80635.0)	(68, 55047.0)	(69, 74808.0)	(70, 88620.0)	(71, 111549.0)	(72, 125490.0)	(73, 170498.0)	(74, 332630.0)	(75, 2243779.0)	(76, 12925382.0)
NS7_paired_1	(50, 25465.0)	(51, 24853.0)	(52, 25483.0)	(53, 27296.0)	(54, 25314.0)	(55, 25509.0)	(56, 26322.0)	(57, 26683.0)	(58, 27793.0)	(59, 30082.0)	(60, 30234.0)	(61, 31803.0)	(62, 32880.0)	(63, 33528.0)	(64, 34075.0)	(65, 35056.0)	(66, 35905.0)	(67, 37131.0)	(68, 39099.0)	(69, 43045.0)	(70, 46324.0)	(71, 56023.0)	(72, 76885.0)	(73, 110940.0)	(74, 258348.0)	(75, 2204883.0)	(76, 18710055.0)
NS7_paired_2	(50, 35468.0)	(51, 36016.0)	(52, 36525.0)	(53, 36204.0)	(54, 36337.0)	(55, 38844.0)	(56, 39158.0)	(57, 42084.0)	(58, 46302.0)	(59, 48028.0)	(60, 51441.0)	(61, 52645.0)	(62, 53643.0)	(63, 53877.0)	(64, 53762.0)	(65, 54267.0)	(66, 73031.0)	(67, 76507.0)	(68, 52515.0)	(69, 51281.0)	(70, 55743.0)	(71, 65113.0)	(72, 83168.0)	(73, 120532.0)	(74, 286747.0)	(75, 2536048.0)	(76, 17965728.0)
NS81_paired_1	(50, 51622.0)	(51, 54996.0)	(52, 58048.0)	(53, 70337.0)	(54, 69475.0)	(55, 78492.0)	(56, 80088.0)	(57, 85081.0)	(58, 87234.0)	(59, 97575.0)	(60, 100111.0)	(61, 110294.0)	(62, 110602.0)	(63, 113118.0)	(64, 131497.0)	(65, 128789.0)	(66, 130620.0)	(67, 136017.0)	(68, 145872.0)	(69, 157290.0)	(70, 183416.0)	(71, 199277.0)	(72, 252525.0)	(73, 358298.0)	(74, 623772.0)	(75, 3986358.0)	(76, 8744491.0)
NS81_paired_2	(50, 81179.0)	(51, 87218.0)	(52, 92058.0)	(53, 96356.0)	(54, 102705.0)	(55, 115148.0)	(56, 111162.0)	(57, 114813.0)	(58, 121894.0)	(59, 132195.0)	(60, 137183.0)	(61, 149235.0)	(62, 152252.0)	(63, 163224.0)	(64, 157869.0)	(65, 163473.0)	(66, 159439.0)	(67, 178995.0)	(68, 177692.0)	(69, 198947.0)	(70, 214200.0)	(71, 232875.0)	(72, 255717.0)	(73, 338779.0)	(74, 634681.0)	(75, 3455683.0)	(76, 8520323.0)
NS83_paired_1	(50, 10241.0)	(51, 10072.0)	(52, 10496.0)	(53, 11515.0)	(54, 12479.0)	(55, 12556.0)	(56, 11991.0)	(57, 12123.0)	(58, 12415.0)	(59, 13851.0)	(60, 13635.0)	(61, 14190.0)	(62, 15663.0)	(63, 16983.0)	(64, 16158.0)	(65, 16058.0)	(66, 16931.0)	(67, 19406.0)	(68, 23304.0)	(69, 25010.0)	(70, 27479.0)	(71, 29166.0)	(72, 42602.0)	(73, 62905.0)	(74, 148843.0)	(75, 1427712.0)	(76, 16782616.0)
NS83_paired_2	(50, 38457.0)	(51, 50121.0)	(52, 43553.0)	(53, 82174.0)	(54, 64754.0)	(55, 38381.0)	(56, 56034.0)	(57, 51014.0)	(58, 43148.0)	(59, 44862.0)	(60, 43368.0)	(61, 41288.0)	(62, 44326.0)	(63, 42646.0)	(64, 45289.0)	(65, 45249.0)	(66, 61615.0)	(67, 62379.0)	(68, 57577.0)	(69, 81294.0)	(70, 96607.0)	(71, 122667.0)	(72, 139147.0)	(73, 190803.0)	(74, 367409.0)	(75, 2491635.0)	(76, 14370603.0)
NS86_paired_1	(50, 9498.0)	(51, 10259.0)	(52, 12093.0)	(53, 20881.0)	(54, 18032.0)	(55, 29992.0)	(56, 24525.0)	(57, 24485.0)	(58, 24297.0)	(59, 18267.0)	(60, 25076.0)	(61, 27189.0)	(62, 16206.0)	(63, 18148.0)	(64, 21756.0)	(65, 15807.0)	(66, 15919.0)	(67, 17664.0)	(68, 20100.0)	(69, 22135.0)	(70, 30199.0)	(71, 38380.0)	(72, 73335.0)	(73, 160159.0)	(74, 324488.0)	(75, 2256986.0)	(76, 14570630.0)
NS86_paired_2	(50, 31934.0)	(51, 29933.0)	(52, 40387.0)	(53, 34852.0)	(54, 39710.0)	(55, 90688.0)	(56, 54133.0)	(57, 61992.0)	(58, 168253.0)	(59, 45242.0)	(60, 91369.0)	(61, 158431.0)	(62, 89221.0)	(63, 163119.0)	(64, 76183.0)	(65, 111111.0)	(66, 57769.0)	(67, 58062.0)	(68, 74950.0)	(69, 64282.0)	(70, 78046.0)	(71, 98070.0)	(72, 129624.0)	(73, 201350.0)	(74, 371596.0)	(75, 2763287.0)	(76, 12662912.0)
NS9_paired_1	(50, 25480.0)	(51, 23477.0)	(52, 24677.0)	(53, 30656.0)	(54, 24119.0)	(55, 23918.0)	(56, 24755.0)	(57, 24628.0)	(58, 25456.0)	(59, 29440.0)	(60, 28679.0)	(61, 30466.0)	(62, 30661.0)	(63, 32144.0)	(64, 31730.0)	(65, 33195.0)	(66, 35277.0)	(67, 36919.0)	(68, 42586.0)	(69, 46793.0)	(70, 54510.0)	(71, 76313.0)	(72, 143951.0)	(73, 292323.0)	(74, 287514.0)	(75, 1760287.0)	(76, 15410939.0)
NS9_paired_2	(50, 43208.0)	(51, 41675.0)	(52, 40823.0)	(53, 41025.0)	(54, 40265.0)	(55, 39959.0)	(56, 41035.0)	(57, 43869.0)	(58, 47548.0)	(59, 48409.0)	(60, 52618.0)	(61, 53981.0)	(62, 58692.0)	(63, 59562.0)	(64, 62186.0)	(65, 72785.0)	(66, 176361.0)	(67, 402922.0)	(68, 88292.0)	(69, 56934.0)	(70, 57757.0)	(71, 63924.0)	(72, 77686.0)	(73, 108445.0)	(74, 253971.0)	(75, 2115584.0)	(76, 14441377.0)
