Sample	0	1	2	3	4	5	6	7	8	9	10	11	12	13	14	15	16	17	18	19	20	21	22	23	24	25	26	27	28	29	30	31	32	33	34	35	36	37	38	39	40	41	42
NS10_paired_1	(1, 0.021151518625896867)	(2, 0.0)	(3, 0.0)	(4, 0.1569012727304348)	(5, 0.0)	(6, 0.0)	(7, 0.0)	(8, 0.0)	(9, 0.0)	(10, 0.0)	(12, 0.0)	(14, 0.0)	(16, 0.0)	(18, 0.0)	(20, 0.0)	(22, 8.051586838940565e-06)	(24, 0.0)	(26, 0.0)	(28, 0.0)	(30, 0.0)	(32, 0.0)	(34, 0.0)	(36, 0.0)	(38, 0.0)	(40, 0.0)	(42, 0.0)	(44, 0.0)	(46, 5.233531445311368e-05)	(48, 0.0)	(50, 0.0)	(52, 0.0)	(54, 0.0)	(56, 0.0)	(58, 4.0727708025016095e-06)	(60, 0.0)	(62, 0.0)	(64, 0.0)	(66, 0.0)	(68, 0.0)	(70, 0.0)	(72, 0.0)	(74, 0.0)	(76, 0.0)
NS10_paired_2	(1, 0.003019345064602712)	(2, 0.0002818055393629198)	(3, 0.0)	(4, 0.0)	(5, 0.0)	(6, 0.0)	(7, 0.0)	(8, 0.0)	(9, 0.0)	(10, 0.007544336868087311)	(12, 0.0)	(14, 0.0)	(16, 0.0)	(18, 0.0)	(20, 1.2077380258410849e-05)	(22, 0.0005676368721453099)	(24, 0.0)	(26, 0.0)	(28, 0.0)	(30, 0.0)	(32, 0.0)	(34, 0.0)	(36, 0.0001610317367788113)	(38, 0.0003743987880107363)	(40, 0.0)	(42, 0.0)	(44, 1.2077380258410849e-05)	(46, 0.0)	(48, 0.0)	(50, 0.0)	(52, 0.0)	(54, 0.0)	(56, 0.0)	(58, 0.0)	(60, 0.0)	(62, 0.0)	(64, 0.0)	(66, 0.0)	(68, 0.0)	(70, 0.0)	(72, 0.0)	(74, 0.00019986394716033304)	(76, 0.0)
NS11_paired_1	(1, 0.019832191561065964)	(2, 0.0)	(3, 0.0)	(4, 0.15094682868554327)	(5, 0.0)	(6, 0.0)	(7, 0.0)	(8, 0.0)	(9, 0.0)	(10, 0.0)	(12, 0.0)	(14, 0.0)	(16, 0.0)	(18, 0.0)	(20, 0.0)	(22, 0.0)	(24, 0.0)	(26, 0.0)	(28, 0.0)	(30, 0.0)	(32, 0.0)	(34, 0.0)	(36, 0.0)	(38, 0.0)	(40, 0.0)	(42, 0.0)	(44, 0.0)	(46, 3.2672473741459576e-05)	(48, 0.0)	(50, 0.0)	(52, 0.0)	(54, 0.0)	(56, 0.0)	(58, 0.0)	(60, 0.0)	(62, 0.0)	(64, 0.0)	(66, 0.0)	(68, 0.0)	(70, 0.0)	(72, 0.0)	(74, 0.0)	(76, 0.0)
NS11_paired_2	(1, 0.0021825212459294996)	(2, 0.00020910383194534132)	(3, 0.0)	(4, 0.0)	(5, 0.0)	(6, 0.0)	(7, 0.0)	(8, 0.0)	(9, 0.0)	(10, 0.005946390220945643)	(12, 0.0)	(14, 0.0)	(16, 0.0)	(18, 0.0)	(20, 6.534494748291916e-06)	(22, 0.00048355261137360175)	(24, 0.0)	(26, 0.0)	(28, 0.0)	(30, 0.0)	(32, 0.0)	(34, 0.0)	(36, 0.00011108641072096256)	(38, 0.00040187142701995286)	(40, 0.0)	(42, 0.0)	(44, 9.801742122437873e-06)	(46, 0.0)	(48, 0.0)	(50, 0.0)	(52, 0.0)	(54, 0.0)	(56, 0.0)	(58, 0.0)	(60, 0.0)	(62, 0.0)	(64, 0.0)	(66, 0.0)	(68, 0.0)	(70, 0.0)	(72, 0.0)	(74, 0.00012048660376998202)	(76, 0.0)
NS13_paired_1	(1, 0.11959064080633774)	(2, 0.0)	(3, 0.0)	(4, 0.0)	(5, 0.0)	(6, 0.0)	(7, 0.0)	(8, 0.0)	(9, 0.0)	(10, 0.0)	(12, 0.0)	(14, 0.0)	(16, 0.0)	(18, 0.0)	(20, 0.0)	(22, 7.797051671276517e-05)	(24, 0.0022745881772068734)	(26, 2.6886385073367297e-05)	(28, 0.0)	(30, 0.0)	(32, 0.0)	(34, 0.0007501301435469477)	(36, 1.3443192536683648e-05)	(38, 0.0)	(40, 0.0004059844146078462)	(42, 0.0006345186877314683)	(44, 0.0006587164342974988)	(46, 0.0)	(48, 0.0)	(50, 0.00045470666872800356)	(52, 0.002849259904739744)	(54, 0.0015371209292004266)	(56, 0.0)	(58, 0.0)	(60, 0.00028675816345870764)	(62, 0.0002055500486413635)	(64, 0.0)	(66, 0.0)	(68, 0.0)	(70, 0.0)	(72, 1.1214743754460138e-05)	(74, 0.0)	(76, 0.0)
NS13_paired_2	(1, 0.0)	(2, 0.0)	(3, 5.37727701467346e-06)	(4, 0.0020863834816933022)	(5, 0.0)	(6, 0.0)	(7, 0.0)	(8, 0.0)	(9, 0.0)	(10, 0.0)	(12, 0.0)	(14, 0.0)	(16, 0.0004436253537105604)	(18, 0.0)	(20, 0.0)	(22, 0.0)	(24, 0.0)	(26, 0.0)	(28, 0.0)	(30, 0.0)	(32, 0.0)	(34, 0.00014249784088884667)	(36, 2.9575023580704027e-05)	(38, 0.0010378144638319778)	(40, 0.0003253252593877443)	(42, 0.0003226366208804076)	(44, 0.0)	(46, 0.0)	(48, 0.0)	(50, 0.0)	(52, 0.00017828335335104227)	(54, 0.00023861410110095733)	(56, 0.0005662486408671445)	(58, 0.0006098024513511636)	(60, 0.0005661787982750566)	(62, 0.0002266138825820065)	(64, 0.0)	(66, 0.0)	(68, 0.0)	(70, 0.0)	(72, 0.0)	(74, 0.0)	(76, 0.0)
NS21_paired_1	(1, 0.11745752674605664)	(2, 0.0)	(3, 0.0)	(4, 0.0)	(5, 0.0)	(6, 0.0)	(7, 0.0)	(8, 0.0)	(9, 0.0)	(10, 0.0)	(12, 0.0)	(14, 0.0)	(16, 0.0)	(18, 0.0)	(20, 0.0)	(22, 9.3421779644659e-05)	(24, 0.0021774460947947445)	(26, 1.6768011731092642e-05)	(28, 0.0)	(30, 0.0)	(32, 0.0)	(34, 0.0007761194001248594)	(36, 4.790860494597898e-06)	(38, 0.0)	(40, 0.00043117744451381083)	(42, 0.0006515570272653141)	(44, 0.0005844849803409435)	(46, 0.0)	(48, 0.0)	(50, 0.0004817994620241589)	(52, 0.0028024352152567072)	(54, 0.0016534040443950074)	(56, 0.0)	(58, 0.0)	(60, 0.0002628218234977214)	(62, 0.0002565377484668877)	(64, 0.0)	(66, 0.0)	(68, 0.0)	(70, 0.0)	(72, 2.504842925934074e-06)	(74, 0.0)	(76, 0.0)
NS21_paired_2	(1, 0.0)	(2, 0.0)	(3, 1.916344197839159e-05)	(4, 0.001964252802785138)	(5, 0.0)	(6, 0.0)	(7, 0.0)	(8, 0.0)	(9, 0.0)	(10, 0.0)	(12, 2.395430247298949e-06)	(14, 0.0)	(16, 0.00041201400253541924)	(18, 0.0)	(20, 0.0)	(22, 0.0)	(24, 0.0)	(26, 0.0)	(28, 0.0)	(30, 0.0)	(32, 0.0)	(34, 0.00016049382656902958)	(36, 4.7908604945978974e-05)	(38, 0.0009509858081776827)	(40, 0.00040243228154622344)	(42, 0.00029703335066506967)	(44, 0.0)	(46, 0.0)	(48, 0.0)	(50, 0.0)	(52, 0.00014695945229705815)	(54, 0.0002855406590176777)	(56, 0.0005589460358016115)	(58, 0.0005249579411022583)	(60, 0.0004933679928030128)	(62, 0.00021233321164500517)	(64, 0.0)	(66, 0.0)	(68, 0.0)	(70, 0.0)	(72, 0.0)	(74, 0.0)	(76, 0.0)
NS25_paired_1	(1, 0.11668707732512668)	(2, 0.0)	(3, 0.0)	(4, 0.0)	(5, 0.0)	(6, 0.0)	(7, 0.0)	(8, 0.0)	(9, 0.0)	(10, 0.0)	(12, 0.0)	(14, 0.0)	(16, 0.0)	(18, 0.0)	(20, 0.0)	(22, 0.00010090608620104226)	(24, 0.0022145282132335882)	(26, 1.621704956802465e-05)	(28, 0.0)	(30, 0.0)	(32, 0.0)	(34, 0.0007243615473717677)	(36, 1.801894396447183e-06)	(38, 0.0)	(40, 0.0004414641271295599)	(42, 0.0005657948404844155)	(44, 0.0005910213620346761)	(46, 0.0)	(48, 0.0)	(50, 0.0005030194962243519)	(52, 0.002896917919689086)	(54, 0.0015597910575638806)	(56, 0.0)	(58, 0.0)	(60, 0.00025019564112076036)	(62, 0.0002528210709434612)	(64, 0.0)	(66, 0.0)	(68, 0.0)	(70, 0.0)	(72, 7.47868509309972e-06)	(74, 0.0)	(76, 0.0)
NS25_paired_2	(1, 0.0)	(2, 0.0)	(3, 0.0)	(4, 0.0020829899222929438)	(5, 0.0)	(6, 0.0)	(7, 0.0)	(8, 0.0)	(9, 0.0)	(10, 0.0)	(12, 3.603788792894366e-06)	(14, 0.0)	(16, 0.0004018224504077219)	(18, 0.0)	(20, 0.0)	(22, 0.0)	(24, 0.0)	(26, 0.0)	(28, 0.0)	(30, 0.0)	(32, 0.0)	(34, 0.00012433071335485565)	(36, 2.5226521550260565e-05)	(38, 0.0009766267628743735)	(40, 0.0003117277305853627)	(42, 0.00029551068101733803)	(44, 0.0)	(46, 0.0)	(48, 0.0)	(50, 0.0)	(52, 0.00016852345690681247)	(54, 0.0002293800948322849)	(56, 0.0005744313682847258)	(58, 0.000531581671784995)	(60, 0.0004885984894718593)	(62, 0.00021053425862829477)	(64, 0.0)	(66, 0.0)	(68, 0.0)	(70, 0.0)	(72, 0.0)	(74, 0.0)	(76, 0.0)
NS27_paired_1	(1, 0.11495573190968825)	(2, 0.0)	(3, 0.0)	(4, 0.0)	(5, 0.0)	(6, 0.0)	(7, 0.0)	(8, 0.0)	(9, 0.0)	(10, 0.0)	(12, 0.0)	(14, 0.0)	(16, 0.0)	(18, 0.0)	(20, 0.0)	(22, 6.608821643953824e-05)	(24, 0.0020172641303687626)	(26, 1.5735289628461487e-05)	(28, 0.0)	(30, 0.0)	(32, 0.0)	(34, 0.0006923527436523055)	(36, 3.147057925692298e-06)	(38, 0.0)	(40, 0.00036820577730599884)	(42, 0.0005633233686989212)	(44, 0.0005727645424759982)	(46, 0.0)	(48, 0.0)	(50, 0.00038420393998621084)	(52, 0.0025579889785413146)	(54, 0.001507522919415679)	(56, 0.0)	(58, 0.0)	(60, 0.0002909564996692528)	(62, 0.00026316330833378186)	(64, 0.0)	(66, 0.0)	(68, 0.0)	(70, 0.0)	(72, 6.5772359889252505e-06)	(74, 0.0)	(76, 0.0)
NS27_paired_2	(1, 0.0)	(2, 0.0)	(3, 1.2588231702769192e-05)	(4, 0.0017434700908335328)	(5, 0.0)	(6, 0.0)	(7, 0.0)	(8, 0.0)	(9, 0.0)	(10, 0.0)	(12, 0.0)	(14, 0.0)	(16, 0.0003461763718261527)	(18, 0.0)	(20, 0.0)	(22, 0.0)	(24, 0.0)	(26, 0.0)	(28, 0.0)	(30, 0.0)	(32, 0.0)	(34, 0.00010385291154784581)	(36, 3.1470579256922975e-05)	(38, 0.0008654409295653819)	(40, 0.00033673519804907584)	(42, 0.0002737940395352299)	(44, 0.0)	(46, 0.0)	(48, 0.0)	(50, 0.0)	(52, 0.0001363415738180549)	(54, 0.0002201285340080879)	(56, 0.0004174803519295139)	(58, 0.00044967077629092395)	(60, 0.0004305777390982691)	(62, 0.00020075669476678966)	(64, 0.0)	(66, 0.0)	(68, 0.0)	(70, 0.0)	(72, 0.0)	(74, 0.0)	(76, 0.0)
NS28_paired_1	(1, 0.12343064564464946)	(2, 0.0)	(3, 0.0)	(4, 0.0)	(5, 0.0)	(6, 0.0)	(7, 0.0)	(8, 0.0)	(9, 0.0)	(10, 0.0)	(12, 0.0)	(14, 0.0)	(16, 0.0)	(18, 0.0)	(20, 0.0)	(22, 8.832320047127616e-05)	(24, 0.0023189975193504834)	(26, 3.0810418769049824e-05)	(28, 0.0)	(30, 0.0)	(32, 0.0)	(34, 0.0007990168600773588)	(36, 6.162083753809965e-06)	(38, 0.0)	(40, 0.0004559941977819374)	(42, 0.0006346946266424264)	(44, 0.0006839912966729061)	(46, 0.0)	(48, 0.0)	(50, 0.0005445934824408367)	(52, 0.0029015408149594135)	(54, 0.0016469270693638628)	(56, 0.0)	(58, 0.0)	(60, 0.0002911096404991399)	(62, 0.00025446717119024473)	(64, 0.0)	(66, 0.0)	(68, 0.0)	(70, 0.0)	(72, 6.369771341345599e-06)	(74, 0.0)	(76, 0.0)
NS28_paired_2	(1, 0.0)	(2, 0.0)	(3, 2.0540279179366548e-05)	(4, 0.0019965151362344286)	(5, 0.0)	(6, 0.0)	(7, 0.0)	(8, 0.0)	(9, 0.0)	(10, 0.0)	(12, 2.054027917936655e-06)	(14, 0.0)	(16, 0.00046421030945368403)	(18, 0.0)	(20, 0.0)	(22, 0.0)	(24, 0.0)	(26, 0.0)	(28, 0.0)	(30, 0.0)	(32, 0.0)	(34, 0.00017253834510667904)	(36, 2.875639085111317e-05)	(38, 0.001012635763542771)	(40, 0.00042312975109495094)	(42, 0.00035740085772097797)	(44, 0.0)	(46, 0.0)	(48, 0.0)	(50, 0.0)	(52, 0.00018999925301380635)	(54, 0.00031109907549443336)	(56, 0.0005748103245681077)	(58, 0.0005837102658065916)	(60, 0.0005867131674353836)	(62, 0.00021147644159842267)	(64, 0.0)	(66, 0.0)	(68, 0.0)	(70, 0.0)	(72, 0.0)	(74, 0.0)	(76, 0.0)
NS29_paired_1	(1, 0.10551782038248188)	(2, 0.0)	(3, 0.0)	(4, 0.0)	(5, 0.0)	(6, 0.0)	(7, 0.0)	(8, 0.0)	(9, 0.0)	(10, 0.0)	(12, 0.0)	(14, 0.0)	(16, 0.0)	(18, 0.0)	(20, 0.0)	(22, 0.0)	(24, 0.0022377045771161774)	(26, 0.00039394320100129103)	(28, 0.0)	(30, 0.0)	(32, 0.0)	(34, 0.0)	(36, 0.0)	(38, 0.0)	(40, 0.0004743397726342076)	(42, 0.0006217334872945546)	(44, 0.0)	(46, 0.0)	(48, 0.0)	(50, 0.00017969573381944516)	(52, 0.0010682063188036197)	(54, 0.00031046835582330105)	(56, 0.0)	(58, 0.0)	(60, 0.0)	(62, 0.0)	(64, 0.0)	(66, 0.0)	(68, 0.0)	(70, 0.0)	(72, 0.0)	(74, 0.0)	(76, 0.0)
NS29_paired_2	(1, 0.00017151268615022197)	(2, 0.0)	(3, 0.0)	(4, 0.0006163737158523602)	(5, 0.0)	(6, 0.0)	(7, 0.0)	(8, 0.0)	(9, 0.0)	(10, 0.0)	(12, 0.0)	(14, 0.0)	(16, 0.0)	(18, 0.0)	(20, 0.0)	(22, 0.0)	(24, 0.0)	(26, 0.0)	(28, 0.0)	(30, 0.0)	(32, 0.0)	(34, 0.0)	(36, 0.0)	(38, 0.001669568804243567)	(40, 0.00025458914350423573)	(42, 0.00013667417177595814)	(44, 0.0)	(46, 0.0)	(48, 0.0)	(50, 1.0736751023708946e-05)	(52, 2.7013202837953066e-06)	(54, 0.0001712861499079527)	(56, 0.00016427426300063096)	(58, 0.0004968471048815808)	(60, 0.0)	(62, 0.0)	(64, 0.0)	(66, 0.0)	(68, 0.0)	(70, 0.0)	(72, 0.0)	(74, 0.0)	(76, 0.0)
NS30_paired_1	(1, 0.1079665853103175)	(2, 0.0)	(3, 0.0)	(4, 0.0)	(5, 0.0)	(6, 0.0)	(7, 0.0)	(8, 0.0)	(9, 0.0)	(10, 0.0)	(12, 0.0)	(14, 0.0)	(16, 0.0)	(18, 0.0)	(20, 0.0)	(22, 0.0)	(24, 0.002341069479929143)	(26, 0.000432822855839811)	(28, 0.0)	(30, 0.0)	(32, 0.0)	(34, 0.0)	(36, 0.0)	(38, 0.0)	(40, 0.0005834739051100214)	(42, 0.0006336909215334249)	(44, 0.0)	(46, 0.0)	(48, 0.0)	(50, 0.0001579491045865261)	(52, 0.0010972614730632032)	(54, 0.00039520532085165686)	(56, 0.0)	(58, 0.0)	(60, 0.0)	(62, 0.0)	(64, 0.0)	(66, 0.0)	(68, 0.0)	(70, 0.0)	(72, 0.0)	(74, 0.0)	(76, 0.0)
NS30_paired_2	(1, 0.0002199983576644343)	(2, 0.0)	(3, 0.0)	(4, 0.0006791253649641233)	(5, 0.0)	(6, 0.0)	(7, 0.0)	(8, 0.0)	(9, 0.0)	(10, 0.0)	(12, 0.0)	(14, 0.0)	(16, 0.0)	(18, 0.0)	(20, 0.0)	(22, 0.0)	(24, 0.0)	(26, 0.0)	(28, 0.0)	(30, 0.0)	(32, 0.0)	(34, 0.0)	(36, 0.0)	(38, 0.0018843337591258069)	(40, 0.0002606502281024276)	(42, 0.00020565063868631904)	(44, 0.0)	(46, 0.0)	(48, 0.0)	(50, 1.6760787667948778e-05)	(52, 2.4084474463761585e-06)	(54, 0.00017674034584308764)	(56, 0.0001824060422220373)	(58, 0.0006086842968691676)	(60, 0.0)	(62, 0.0)	(64, 0.0)	(66, 0.0)	(68, 0.0)	(70, 0.0)	(72, 0.0)	(74, 0.0)	(76, 0.0)
NS32_paired_1	(1, 0.10720125458291495)	(2, 0.0)	(3, 0.0)	(4, 0.0)	(5, 0.0)	(6, 0.0)	(7, 0.0)	(8, 0.0)	(9, 0.0)	(10, 0.0)	(12, 0.0)	(14, 0.0)	(16, 0.0)	(18, 0.0)	(20, 0.0)	(22, 0.0)	(24, 0.002481341408468873)	(26, 0.00045399937442017234)	(28, 0.0)	(30, 0.0)	(32, 0.0)	(34, 0.0)	(36, 0.0)	(38, 0.0)	(40, 0.0005453210876656092)	(42, 0.0007044817878933708)	(44, 0.0)	(46, 0.0)	(48, 0.0)	(50, 0.00013055628282658216)	(52, 0.0011154813891356826)	(54, 0.0003651648879721411)	(56, 0.0)	(58, 0.0)	(60, 0.0)	(62, 0.0)	(64, 0.0)	(66, 0.0)	(68, 0.0)	(70, 0.0)	(72, 0.0)	(74, 0.0)	(76, 0.0)
NS32_paired_2	(1, 0.00015133312480672411)	(2, 0.0)	(3, 0.0)	(4, 0.0005844589647707965)	(5, 0.0)	(6, 0.0)	(7, 0.0)	(8, 0.0)	(9, 0.0)	(10, 0.0)	(12, 0.0)	(14, 0.0)	(16, 0.0)	(18, 0.0)	(20, 0.0)	(22, 0.0)	(24, 0.0)	(26, 0.0)	(28, 0.0)	(30, 0.0)	(32, 0.0)	(34, 0.0)	(36, 0.0)	(38, 0.0016985838663651277)	(40, 0.00025570079708722346)	(42, 0.00014611474119269913)	(44, 0.0)	(46, 0.0)	(48, 0.0)	(50, 5.226314987234334e-06)	(52, 2.629016555627085e-06)	(54, 0.00016134454919526233)	(56, 0.00017036390955571702)	(58, 0.000517520814660351)	(60, 0.0)	(62, 0.0)	(64, 0.0)	(66, 0.0)	(68, 0.0)	(70, 0.0)	(72, 0.0)	(74, 0.0)	(76, 0.0)
NS34_paired_1	(1, 0.020694158247246422)	(2, 0.0)	(3, 0.0)	(4, 0.15495879938384027)	(5, 0.0)	(6, 0.0)	(7, 0.0)	(8, 0.0)	(9, 0.0)	(10, 0.0)	(12, 0.0)	(14, 0.0)	(16, 0.0)	(18, 0.0)	(20, 0.0)	(22, 0.0)	(24, 0.0)	(26, 0.0)	(28, 0.0)	(30, 0.0)	(32, 0.0)	(34, 0.0)	(36, 0.0)	(38, 0.0)	(40, 0.0)	(42, 0.0)	(44, 0.0)	(46, 5.1048208200038606e-05)	(48, 0.0)	(50, 0.0)	(52, 0.0)	(54, 0.0)	(56, 0.0)	(58, 0.0)	(60, 0.0)	(62, 0.0)	(64, 0.0)	(66, 0.0)	(68, 0.0)	(70, 0.0)	(72, 0.0)	(74, 0.0)	(76, 0.0)
NS34_paired_2	(1, 0.002450313993601853)	(2, 0.0002748749672309771)	(3, 0.0)	(4, 0.0)	(5, 0.0)	(6, 0.0)	(7, 0.0)	(8, 0.0)	(9, 0.0)	(10, 0.007060359872589955)	(12, 0.0)	(14, 0.0)	(16, 0.0)	(18, 0.0)	(20, 3.926785246156817e-06)	(22, 0.0005026285115080725)	(24, 0.0)	(26, 0.0)	(28, 0.0)	(30, 0.0)	(32, 0.0)	(34, 0.0)	(36, 0.00016099819509242947)	(38, 0.0004005320951079952)	(40, 0.0)	(42, 0.0)	(44, 1.1780355738470447e-05)	(46, 0.0)	(48, 0.0)	(50, 0.0)	(52, 0.0)	(54, 0.0)	(56, 0.0)	(58, 0.0)	(60, 0.0)	(62, 0.0)	(64, 0.0)	(66, 0.0)	(68, 0.0)	(70, 0.0)	(72, 0.0)	(74, 0.00015850075893245337)	(76, 0.0)
NS36_paired_1	(1, 0.02056921344951815)	(2, 0.0)	(3, 0.0)	(4, 0.15869859459582228)	(5, 0.0)	(6, 0.0)	(7, 0.0)	(8, 0.0)	(9, 0.0)	(10, 0.0)	(12, 0.0)	(14, 0.0)	(16, 0.0)	(18, 0.0)	(20, 0.0)	(22, 0.0)	(24, 0.0)	(26, 0.0)	(28, 0.0)	(30, 0.0)	(32, 0.0)	(34, 0.0)	(36, 0.0)	(38, 0.0)	(40, 0.0)	(42, 0.0)	(44, 0.0)	(46, 2.7474461419659146e-05)	(48, 0.0)	(50, 0.0)	(52, 0.0)	(54, 0.0)	(56, 0.0)	(58, 3.096632235935383e-06)	(60, 0.0)	(62, 0.0)	(64, 0.0)	(66, 0.0)	(68, 0.0)	(70, 0.0)	(72, 0.0)	(74, 0.0)	(76, 0.0)
NS36_paired_2	(1, 0.0021246916831203074)	(2, 0.00022590112722830857)	(3, 0.0)	(4, 0.0)	(5, 0.0)	(6, 0.0)	(7, 0.0)	(8, 0.0)	(9, 0.0)	(10, 0.007091463764207578)	(12, 0.0)	(14, 0.0)	(16, 0.0)	(18, 0.0)	(20, 3.0527179355176828e-06)	(22, 0.0005769636898128422)	(24, 0.0)	(26, 0.0)	(28, 0.0)	(30, 0.0)	(32, 0.0)	(34, 0.0)	(36, 0.00012516143535622502)	(38, 0.0003480098446490159)	(40, 0.0)	(42, 0.0)	(44, 3.0527179355176828e-06)	(46, 0.0)	(48, 0.0)	(50, 0.0)	(52, 0.0)	(54, 0.0)	(56, 0.0)	(58, 0.0)	(60, 0.0)	(62, 0.0)	(64, 0.0)	(66, 0.0)	(68, 0.0)	(70, 0.0)	(72, 0.0)	(74, 0.0001261465052897785)	(76, 0.0)
NS38_paired_1	(1, 0.020581645556724485)	(2, 0.0)	(3, 0.0)	(4, 0.15252254545607732)	(5, 0.0)	(6, 0.0)	(7, 0.0)	(8, 0.0)	(9, 0.0)	(10, 0.0)	(12, 0.0)	(14, 0.0)	(16, 0.0)	(18, 0.0)	(20, 0.0)	(22, 1.7194357190246017e-05)	(24, 0.0)	(26, 0.0)	(28, 0.0)	(30, 0.0)	(32, 0.0)	(34, 0.0)	(36, 0.0)	(38, 0.0)	(40, 0.0)	(42, 0.0)	(44, 0.0)	(46, 7.73746073561071e-05)	(48, 0.0)	(50, 0.0)	(52, 0.0)	(54, 0.0)	(56, 0.0)	(58, 4.3587141549155e-06)	(60, 0.0)	(62, 0.0)	(64, 0.0)	(66, 0.0)	(68, 0.0)	(70, 0.0)	(72, 0.0)	(74, 0.0)	(76, 0.0)
NS38_paired_2	(1, 0.0029230407223418235)	(2, 0.0003610815009951664)	(3, 0.0)	(4, 0.0)	(5, 0.0)	(6, 0.0)	(7, 0.0)	(8, 0.0)	(9, 0.0)	(10, 0.00677027814365937)	(12, 4.298589297561504e-06)	(14, 0.0)	(16, 0.0)	(18, 0.0)	(20, 4.298589297561504e-06)	(22, 0.0004771434120293271)	(24, 0.0)	(26, 0.0)	(28, 0.0)	(30, 0.0)	(32, 0.0)	(34, 0.0)	(36, 0.00015904780400977566)	(38, 0.0003438871438049204)	(40, 0.0)	(42, 0.0)	(44, 1.7194357190246017e-05)	(46, 0.0)	(48, 0.0)	(50, 0.0)	(52, 0.0)	(54, 0.0)	(56, 0.0)	(58, 0.0)	(60, 0.0)	(62, 0.0)	(64, 0.0)	(66, 0.0)	(68, 0.0)	(70, 0.0)	(72, 0.0)	(74, 0.0001834323959161206)	(76, 0.0)
NS39_paired_1	(1, 0.10658242316374746)	(2, 0.0)	(3, 0.0)	(4, 0.0)	(5, 0.0)	(6, 0.0)	(7, 0.0)	(8, 0.0)	(9, 0.0)	(10, 0.0)	(12, 0.0)	(14, 0.0)	(16, 0.0)	(18, 0.0)	(20, 0.0)	(22, 0.0)	(24, 0.0021712335938020503)	(26, 0.0003731385254603772)	(28, 0.0)	(30, 0.0)	(32, 0.0)	(34, 0.0)	(36, 0.0)	(38, 0.0)	(40, 0.000483998522155127)	(42, 0.0005597077881905659)	(44, 0.0)	(46, 0.0)	(48, 0.0)	(50, 0.00013530693471583825)	(52, 0.0010181664516434876)	(54, 0.000354190233939925)	(56, 0.0)	(58, 0.0)	(60, 0.0)	(62, 0.0)	(64, 0.0)	(66, 0.0)	(68, 0.0)	(70, 0.0)	(72, 0.0)	(74, 0.0)	(76, 0.0)
NS39_paired_2	(1, 0.00020008877452223128)	(2, 0.0)	(3, 0.0)	(4, 0.000703014613186218)	(5, 0.0)	(6, 0.0)	(7, 0.0)	(8, 0.0)	(9, 0.0)	(10, 0.0)	(12, 0.0)	(14, 0.0)	(16, 0.0)	(18, 0.0)	(20, 0.0)	(22, 0.0)	(24, 0.0)	(26, 0.0)	(28, 0.0)	(30, 0.0)	(32, 0.0)	(34, 0.0)	(36, 0.0)	(38, 0.0018359497013593924)	(40, 0.00024335121225676774)	(42, 0.00015141853207087773)	(44, 0.0)	(46, 0.0)	(48, 0.0)	(50, 2.7079952965371295e-06)	(52, 0.0)	(54, 0.00018364566801796985)	(56, 0.0001462591907688705)	(58, 0.0005590514504506441)	(60, 0.0)	(62, 0.0)	(64, 0.0)	(66, 0.0)	(68, 0.0)	(70, 0.0)	(72, 0.0)	(74, 0.0)	(76, 0.0)
NS40_paired_1	(1, 0.10811350225464716)	(2, 0.0)	(3, 0.0)	(4, 0.0)	(5, 0.0)	(6, 0.0)	(7, 0.0)	(8, 0.0)	(9, 0.0)	(10, 0.0)	(12, 0.0)	(14, 0.0)	(16, 0.0)	(18, 0.0)	(20, 0.0)	(22, 0.0)	(24, 0.0023486816590337057)	(26, 0.0004034411392026328)	(28, 0.0)	(30, 0.0)	(32, 0.0)	(34, 0.0)	(36, 0.0)	(38, 0.0)	(40, 0.0005604560690544683)	(42, 0.0005866252240297742)	(44, 0.0)	(46, 0.0)	(48, 0.0)	(50, 0.0001811214257459655)	(52, 0.00113106832925981)	(54, 0.00038613886106324475)	(56, 0.0)	(58, 0.0)	(60, 0.0)	(62, 0.0)	(64, 0.0)	(66, 0.0)	(68, 0.0)	(70, 0.0)	(72, 0.0)	(74, 0.0)	(76, 0.0)
NS40_paired_2	(1, 0.00017882255899792375)	(2, 0.0)	(3, 0.0)	(4, 0.0005495522544814241)	(5, 0.0)	(6, 0.0)	(7, 0.0)	(8, 0.0)	(9, 0.0)	(10, 0.0)	(12, 0.0)	(14, 0.0)	(16, 0.0)	(18, 0.0)	(20, 0.0)	(22, 0.0)	(24, 0.0)	(26, 0.0)	(28, 0.0)	(30, 0.0)	(32, 0.0)	(34, 0.0)	(36, 0.0)	(38, 0.0017969486416376727)	(40, 0.0002769568901553209)	(42, 0.00016137645568105313)	(44, 0.0)	(46, 0.0)	(48, 0.0)	(50, 4.367540786279633e-06)	(52, 0.0)	(54, 0.00018327363948966637)	(56, 0.0001532778024885784)	(58, 0.000554763551050438)	(60, 0.0)	(62, 0.0)	(64, 0.0)	(66, 0.0)	(68, 0.0)	(70, 0.0)	(72, 0.0)	(74, 0.0)	(76, 0.0)
NS41_paired_1	(1, 0.11291123870912313)	(2, 0.0)	(3, 0.0)	(4, 0.0)	(5, 0.0)	(6, 0.0)	(7, 0.0)	(8, 0.0)	(9, 0.0)	(10, 0.0)	(12, 0.0)	(14, 0.0)	(16, 0.0)	(18, 0.0)	(20, 0.0)	(22, 0.0)	(24, 0.0024008112252211088)	(26, 0.00040309916867909974)	(28, 0.0)	(30, 0.0)	(32, 0.0)	(34, 0.0)	(36, 0.0)	(38, 0.0)	(40, 0.0005789610608969423)	(42, 0.0006520721846279555)	(44, 0.0)	(46, 0.0)	(48, 0.0)	(50, 0.0001443212951052978)	(52, 0.001156986483683707)	(54, 0.00039708315421574055)	(56, 0.0)	(58, 0.0)	(60, 0.0)	(62, 0.0)	(64, 0.0)	(66, 0.0)	(68, 0.0)	(70, 0.0)	(72, 0.0)	(74, 0.0)	(76, 0.0)
NS41_paired_2	(1, 0.0002450210633147469)	(2, 0.0)	(3, 0.0)	(4, 0.0007824866215535466)	(5, 0.0)	(6, 0.0)	(7, 0.0)	(8, 0.0)	(9, 0.0)	(10, 0.0)	(12, 0.0)	(14, 0.0)	(16, 0.0)	(18, 0.0)	(20, 0.0)	(22, 0.0)	(24, 0.0)	(26, 0.0)	(28, 0.0)	(30, 0.0)	(32, 0.0)	(34, 0.0)	(36, 0.0)	(38, 0.0019522646012497577)	(40, 0.000341843902850413)	(42, 0.0002094534896077675)	(44, 0.0)	(46, 0.0)	(48, 0.0)	(50, 5.93384439952788e-06)	(52, 1.985642297103794e-06)	(54, 0.00020533514942637534)	(56, 0.0001962188939493341)	(58, 0.0006620810943488098)	(60, 0.0)	(62, 0.0)	(64, 0.0)	(66, 0.0)	(68, 0.0)	(70, 0.0)	(72, 0.0)	(74, 0.0)	(76, 0.0)
NS46_paired_1	(1, 0.021550150519691735)	(2, 0.0)	(3, 0.0)	(4, 0.15865840517491955)	(5, 0.0)	(6, 0.0)	(7, 0.0)	(8, 0.0)	(9, 0.0)	(10, 0.0)	(12, 0.0)	(14, 0.0)	(16, 0.0)	(18, 0.0)	(20, 0.0)	(22, 0.0)	(24, 0.0)	(26, 0.0)	(28, 0.0)	(30, 0.0)	(32, 0.0)	(34, 0.0)	(36, 0.0)	(38, 0.0)	(40, 0.0)	(42, 0.0)	(44, 0.0)	(46, 4.650693395131747e-05)	(48, 0.0)	(50, 0.0)	(52, 0.0)	(54, 0.0)	(56, 0.0)	(58, 2.943877998159429e-06)	(60, 0.0)	(62, 0.0)	(64, 0.0)	(66, 0.0)	(68, 0.0)	(70, 0.0)	(72, 0.0)	(74, 0.0)	(76, 0.0)
NS46_paired_2	(1, 0.003191538342409161)	(2, 0.0003371752711470517)	(3, 0.0)	(4, 0.0)	(5, 0.0)	(6, 0.0)	(7, 0.0)	(8, 0.0)	(9, 0.0)	(10, 0.007734684452778486)	(12, 0.0)	(14, 0.0)	(16, 0.0)	(18, 0.0)	(20, 1.1626733487829368e-05)	(22, 0.0005406431071840656)	(24, 0.0)	(26, 0.0)	(28, 0.0)	(30, 0.0)	(32, 0.0)	(34, 0.0)	(36, 0.00015405421871373914)	(38, 0.0004214690889338146)	(40, 0.0)	(42, 0.0)	(44, 1.1626733487829368e-05)	(46, 0.0)	(48, 0.0)	(50, 0.0)	(52, 0.0)	(54, 0.0)	(56, 0.0)	(58, 0.0)	(60, 0.0)	(62, 0.0)	(64, 0.0)	(66, 0.0)	(68, 0.0)	(70, 0.0)	(72, 0.0)	(74, 0.00017003757437999395)	(76, 0.0)
NS4_paired_1	(1, 0.11902652129607043)	(2, 0.0)	(3, 0.0)	(4, 0.0)	(5, 0.0)	(6, 0.0)	(7, 0.0)	(8, 0.0)	(9, 0.0)	(10, 0.0)	(12, 0.0)	(14, 0.0)	(16, 0.0)	(18, 0.0)	(20, 0.0)	(22, 0.0001165490220837753)	(24, 0.002254391084306168)	(26, 2.9969748535827937e-05)	(28, 0.0)	(30, 0.0)	(32, 0.0)	(34, 0.000762563601633844)	(36, 3.3299720595364377e-06)	(38, 0.0)	(40, 0.00045953614421602836)	(42, 0.0006193748030737773)	(44, 0.0006560044957286781)	(46, 0.0)	(48, 0.0)	(50, 0.0005164755534960213)	(52, 0.002799317527722931)	(54, 0.0017149634885278153)	(56, 0.0)	(58, 0.0)	(60, 0.0002702079946304267)	(62, 0.00022704346574327523)	(64, 0.0)	(66, 0.0)	(68, 0.0)	(70, 0.0)	(72, 3.46476827854963e-06)	(74, 0.0)	(76, 0.0)
NS4_paired_2	(1, 0.0)	(2, 0.0)	(3, 0.0)	(4, 0.0019380437386502065)	(5, 0.0)	(6, 0.0)	(7, 0.0)	(8, 0.0)	(9, 0.0)	(10, 0.0)	(12, 6.659944119072875e-06)	(14, 0.0)	(16, 0.0005094857251090748)	(18, 0.0)	(20, 0.0)	(22, 0.0)	(24, 0.0)	(26, 0.0)	(28, 0.0)	(30, 0.0)	(32, 0.0)	(34, 0.00018314846327450405)	(36, 2.66397764762915e-05)	(38, 0.0010156414781586133)	(40, 0.0004095865633229818)	(42, 0.000319677317715498)	(44, 0.0)	(46, 0.0)	(48, 0.0)	(50, 0.0)	(52, 0.0002242546837013202)	(54, 0.00029241038755971934)	(56, 0.0005671155611378931)	(58, 0.0006071842309574135)	(60, 0.000525268591319002)	(62, 0.00019558092785376422)	(64, 0.0)	(66, 0.0)	(68, 0.0)	(70, 0.0)	(72, 0.0)	(74, 0.0)	(76, 0.0)
NS51_paired_1	(1, 0.10971269323062714)	(2, 0.0)	(3, 0.0)	(4, 0.0)	(5, 0.0)	(6, 0.0)	(7, 0.0)	(8, 0.0)	(9, 0.0)	(10, 0.0)	(12, 0.0)	(14, 0.0)	(16, 0.0)	(18, 0.0)	(20, 0.0)	(22, 0.0)	(24, 0.002349140200840872)	(26, 0.00036690893117259204)	(28, 0.0)	(30, 0.0)	(32, 0.0)	(34, 0.0)	(36, 0.0)	(38, 0.0)	(40, 0.0005722856284956152)	(42, 0.0005838236451991558)	(44, 0.0)	(46, 0.0)	(48, 0.0)	(50, 0.00013854796468190702)	(52, 0.0011044126797040924)	(54, 0.00036219629985367966)	(56, 0.0)	(58, 0.0)	(60, 0.0)	(62, 0.0)	(64, 0.0)	(66, 0.0)	(68, 0.0)	(70, 0.0)	(72, 0.0)	(74, 0.0)	(76, 0.0)
NS51_paired_2	(1, 0.00025845157415931014)	(2, 0.0)	(3, 0.0)	(4, 0.0006507441420796915)	(5, 0.0)	(6, 0.0)	(7, 0.0)	(8, 0.0)	(9, 0.0)	(10, 0.0)	(12, 0.0)	(14, 0.0)	(16, 0.0)	(18, 0.0)	(20, 0.0)	(22, 0.0)	(24, 0.0)	(26, 0.0)	(28, 0.0)	(30, 0.0)	(32, 0.0)	(34, 0.0)	(36, 0.0)	(38, 0.002009922509756778)	(40, 0.000293065624269932)	(42, 0.00018230066391594196)	(44, 0.0)	(46, 0.0)	(48, 0.0)	(50, 9.239954385117188e-06)	(52, 0.0)	(54, 0.00021891232989696866)	(56, 0.00017312577891978403)	(58, 0.0006350507960667494)	(60, 0.0)	(62, 0.0)	(64, 0.0)	(66, 0.0)	(68, 0.0)	(70, 0.0)	(72, 0.0)	(74, 0.0)	(76, 0.0)
NS55_paired_1	(1, 0.020817282207232824)	(2, 0.0)	(3, 0.0)	(4, 0.1636306226305803)	(5, 0.0)	(6, 0.0)	(7, 0.0)	(8, 0.0)	(9, 0.0)	(10, 0.0)	(12, 0.0)	(14, 0.0)	(16, 0.0)	(18, 0.0)	(20, 0.0)	(22, 3.4614702705741314e-06)	(24, 0.0)	(26, 0.0)	(28, 0.0)	(30, 0.0)	(32, 0.0)	(34, 0.0)	(36, 0.0)	(38, 0.0)	(40, 0.0)	(42, 0.0)	(44, 0.0)	(46, 7.269087568205676e-05)	(48, 0.0)	(50, 0.0)	(52, 0.0)	(54, 0.0)	(56, 0.0)	(58, 0.0)	(60, 0.0)	(62, 0.0)	(64, 0.0)	(66, 0.0)	(68, 0.0)	(70, 0.0)	(72, 0.0)	(74, 0.0)	(76, 0.0)
NS55_paired_2	(1, 0.003357626162456907)	(2, 0.0003046093838105236)	(3, 0.0)	(4, 0.0)	(5, 0.0)	(6, 0.0)	(7, 0.0)	(8, 0.0)	(9, 0.0)	(10, 0.007109859935759265)	(12, 0.0)	(14, 0.0)	(16, 0.0)	(18, 0.0)	(20, 3.4614702705741314e-06)	(22, 0.000553835243291861)	(24, 0.0)	(26, 0.0)	(28, 0.0)	(30, 0.0)	(32, 0.0)	(34, 0.0)	(36, 0.00011768998919952046)	(38, 0.00047075995679808185)	(40, 0.0)	(42, 0.0)	(44, 3.4614702705741314e-06)	(46, 3.4614702705741314e-06)	(48, 0.0)	(50, 0.0)	(52, 0.0)	(54, 0.0)	(56, 0.0)	(58, 0.0)	(60, 0.0)	(62, 0.0)	(64, 0.0)	(66, 0.0)	(68, 0.0)	(70, 0.0)	(72, 0.0)	(74, 0.00023791488674231758)	(76, 0.0)
NS58_paired_1	(1, 0.11914752191433675)	(2, 0.0)	(3, 0.0)	(4, 0.0)	(5, 0.0)	(6, 0.0)	(7, 0.0)	(8, 0.0)	(9, 0.0)	(10, 0.0)	(12, 0.0)	(14, 0.0)	(16, 0.0)	(18, 0.0)	(20, 0.0)	(22, 0.0)	(24, 0.00255223225494145)	(26, 0.0004768501877597614)	(28, 0.0)	(30, 0.0)	(32, 0.0)	(34, 0.0)	(36, 0.0)	(38, 0.0)	(40, 0.0006087064896781804)	(42, 0.0006683127631481505)	(44, 0.0)	(46, 0.0)	(48, 0.0)	(50, 0.00018072175280148535)	(52, 0.0012840702876531153)	(54, 0.0003993288443809867)	(56, 0.0)	(58, 0.0)	(60, 0.0)	(62, 0.0)	(64, 0.0)	(66, 0.0)	(68, 0.0)	(70, 0.0)	(72, 0.0)	(74, 0.0)	(76, 0.0)
NS58_paired_2	(1, 0.0002384250938798807)	(2, 0.0)	(3, 0.0)	(4, 0.000971762882631635)	(5, 0.0)	(6, 0.0)	(7, 0.0)	(8, 0.0)	(9, 0.0)	(10, 0.0)	(12, 0.0)	(14, 0.0)	(16, 0.0)	(18, 0.0)	(20, 0.0)	(22, 0.0)	(24, 0.0)	(26, 0.0)	(28, 0.0)	(30, 0.0)	(32, 0.0)	(34, 0.0)	(36, 0.0)	(38, 0.0022560071383028106)	(40, 0.00034318763513013133)	(42, 0.0002528750995695705)	(44, 0.0)	(46, 0.0)	(48, 0.0)	(50, 9.036944728997753e-06)	(52, 3.6236659813408383e-06)	(54, 0.0002506557827324394)	(56, 0.00023313122555992474)	(58, 0.0007692363772211678)	(60, 0.0)	(62, 0.0)	(64, 0.0)	(66, 0.0)	(68, 0.0)	(70, 0.0)	(72, 0.0)	(74, 0.0)	(76, 0.0)
NS62_paired_1	(1, 0.021169862112576782)	(2, 0.0)	(3, 0.0)	(4, 0.1611469463121079)	(5, 0.0)	(6, 0.0)	(7, 0.0)	(8, 0.0)	(9, 0.0)	(10, 0.0)	(12, 0.0)	(14, 0.0)	(16, 0.0)	(18, 0.0)	(20, 0.0)	(22, 0.0)	(24, 0.0)	(26, 0.0)	(28, 0.0)	(30, 0.0)	(32, 0.0)	(34, 0.0)	(36, 0.0)	(38, 0.0)	(40, 0.0)	(42, 0.0)	(44, 0.0)	(46, 3.954967446303407e-05)	(48, 0.0)	(50, 0.0)	(52, 0.0)	(54, 0.0)	(56, 0.0)	(58, 0.0)	(60, 0.0)	(62, 0.0)	(64, 0.0)	(66, 0.0)	(68, 0.0)	(70, 0.0)	(72, 0.0)	(74, 0.0)	(76, 0.0)
NS62_paired_2	(1, 0.0034875622026493682)	(2, 0.0005608862923848468)	(3, 0.0)	(4, 0.0)	(5, 0.0)	(6, 0.0)	(7, 0.0)	(8, 0.0)	(9, 0.0)	(10, 0.007442529648952775)	(12, 0.0)	(14, 0.0)	(16, 0.0)	(18, 0.0)	(20, 1.0786274853554746e-05)	(22, 0.0005249320428729977)	(24, 0.0)	(26, 0.0)	(28, 0.0)	(30, 0.0)	(32, 0.0)	(34, 0.0)	(36, 0.0002085346471687251)	(38, 0.000341565370362567)	(40, 0.0)	(42, 0.0)	(44, 1.0786274853554746e-05)	(46, 0.0)	(48, 0.0)	(50, 0.0)	(52, 0.0)	(54, 0.0)	(56, 0.0)	(58, 0.0)	(60, 0.0)	(62, 0.0)	(64, 0.0)	(66, 0.0)	(68, 0.0)	(70, 0.0)	(72, 0.0)	(74, 0.00021630069572135596)	(76, 0.0)
NS67_paired_1	(1, 0.11310037682557018)	(2, 0.0)	(3, 0.0)	(4, 0.0)	(5, 0.0)	(6, 0.0)	(7, 0.0)	(8, 0.0)	(9, 0.0)	(10, 0.0)	(12, 0.0)	(14, 0.0)	(16, 0.0)	(18, 0.0)	(20, 0.0)	(22, 0.0)	(24, 0.0024492680288432144)	(26, 0.0004064889274310819)	(28, 0.0)	(30, 0.0)	(32, 0.0)	(34, 0.0)	(36, 0.0)	(38, 0.0)	(40, 0.0006114558018560767)	(42, 0.0006872418730720411)	(44, 0.0)	(46, 0.0)	(48, 0.0)	(50, 0.00015683020443575449)	(52, 0.0012644664156424444)	(54, 0.0003930720275919247)	(56, 0.0)	(58, 0.0)	(60, 0.0)	(62, 0.0)	(64, 0.0)	(66, 0.0)	(68, 0.0)	(70, 0.0)	(72, 0.0)	(74, 0.0)	(76, 0.0)
NS67_paired_2	(1, 0.0002135789279722634)	(2, 0.0)	(3, 0.0)	(4, 0.0007371917836461995)	(5, 0.0)	(6, 0.0)	(7, 0.0)	(8, 0.0)	(9, 0.0)	(10, 0.0)	(12, 0.0)	(14, 0.0)	(16, 0.0)	(18, 0.0)	(20, 0.0)	(22, 0.0)	(24, 0.0)	(26, 0.0)	(28, 0.0)	(30, 0.0)	(32, 0.0)	(34, 0.0)	(36, 0.0)	(38, 0.002103063476243013)	(40, 0.0002773081242220517)	(42, 0.00020668928513444847)	(44, 0.0)	(46, 0.0)	(48, 0.0)	(50, 6.895587887396497e-06)	(52, 3.4594880030404745e-06)	(54, 0.00019787503389694796)	(56, 0.00020212082946973272)	(58, 0.0006878405456098227)	(60, 0.0)	(62, 0.0)	(64, 0.0)	(66, 0.0)	(68, 0.0)	(70, 0.0)	(72, 0.0)	(74, 0.0)	(76, 0.0)
NS6_paired_1	(1, 0.12079264759653136)	(2, 0.0)	(3, 0.0)	(4, 0.0)	(5, 0.0)	(6, 0.0)	(7, 0.0)	(8, 0.0)	(9, 0.0)	(10, 0.0)	(12, 0.0)	(14, 0.0)	(16, 0.0)	(18, 0.0)	(20, 0.0)	(22, 7.567276278561088e-05)	(24, 0.0024948363980881088)	(26, 1.655341685935238e-05)	(28, 0.0)	(30, 0.0)	(32, 0.0)	(34, 0.0008158469737823673)	(36, 4.72954767410068e-06)	(38, 0.0)	(40, 0.00045640135055071557)	(42, 0.0006810548650704979)	(44, 0.0006952435080927999)	(46, 0.0)	(48, 0.0)	(50, 0.0005442496369914079)	(52, 0.002939422627646919)	(54, 0.0016461027909839333)	(56, 0.0)	(58, 0.0)	(60, 0.00028542945247699155)	(62, 0.0002454294066585287)	(64, 0.0)	(66, 0.0)	(68, 0.0)	(70, 0.0)	(72, 7.367508799936698e-06)	(74, 0.0)	(76, 0.0)
NS6_paired_2	(1, 0.0)	(2, 0.0)	(3, 4.72954767410068e-06)	(4, 0.0019722213800999833)	(5, 0.0)	(6, 0.0)	(7, 0.0)	(8, 0.0)	(9, 0.0)	(10, 0.0)	(12, 1.18238691852517e-05)	(14, 0.0)	(16, 0.00043984793369136326)	(18, 0.0)	(20, 0.0)	(22, 0.0)	(24, 0.0)	(26, 0.0)	(28, 0.0)	(30, 0.0)	(32, 0.0)	(34, 0.00017262849010467484)	(36, 2.128296453345306e-05)	(38, 0.0010121232022575455)	(40, 0.0003783638139280544)	(42, 0.00034052743253524897)	(44, 0.0)	(46, 0.0)	(48, 0.0)	(50, 0.0)	(52, 0.00018996130037153344)	(54, 0.0002692124219185702)	(56, 0.0006479029973977012)	(58, 0.0005952420383737181)	(60, 0.0004749557863176328)	(62, 0.000222892007320355)	(64, 0.0)	(66, 0.0)	(68, 0.0)	(70, 0.0)	(72, 0.0)	(74, 0.0)	(76, 0.0)
NS70_paired_1	(1, 0.1087734881018123)	(2, 0.0)	(3, 0.0)	(4, 0.0)	(5, 0.0)	(6, 0.0)	(7, 0.0)	(8, 0.0)	(9, 0.0)	(10, 0.0)	(12, 0.0)	(14, 0.0)	(16, 0.0)	(18, 0.0)	(20, 0.0)	(22, 0.0)	(24, 0.0012977677104782051)	(26, 0.0009679482923456226)	(28, 0.0)	(30, 0.00024855956149122166)	(32, 0.0)	(34, 0.0)	(36, 0.0)	(38, 0.0002366095825733744)	(40, 0.0001481797385813052)	(42, 0.0)	(44, 0.0017064569894685792)	(46, 1.672997048498607e-05)	(48, 0.0)	(50, 9.562826310529165e-05)	(52, 0.0032002042003146875)	(54, 0.0008028890007394487)	(56, 2.4001547043716247e-05)	(58, 0.00022112705576055207)	(60, 0.0)	(62, 3.375694196441435e-05)	(64, 0.0001401110152719557)	(66, 0.0)	(68, 0.0)	(70, 0.0)	(72, 9.029599221482597e-05)	(74, 2.4600253869699884e-06)	(76, 0.0)
NS70_paired_2	(1, 0.00015295973014844408)	(2, 0.0)	(3, 0.0)	(4, 0.0)	(5, 0.0)	(6, 0.0)	(7, 0.0)	(8, 0.0)	(9, 0.0)	(10, 0.0)	(12, 0.0)	(14, 1.911996626855551e-05)	(16, 0.0004445392157439156)	(18, 0.0)	(20, 0.03173914400580215)	(22, 0.0)	(24, 4.779991567138877e-06)	(26, 0.0)	(28, 0.0)	(30, 0.0)	(32, 0.0)	(34, 0.00020792963317054115)	(36, 8.842984399206923e-05)	(38, 0.0010492081489869836)	(40, 0.0007934786001450536)	(42, 0.00018402967533484677)	(44, 0.0)	(46, 0.0)	(48, 0.0)	(50, 0.0)	(52, 3.6031971023761494e-05)	(54, 0.000292540721728907)	(56, 0.000490651629084857)	(58, 0.0005198527367024964)	(60, 0.0)	(62, 0.0)	(64, 0.0)	(66, 0.0)	(68, 0.0)	(70, 0.0)	(72, 0.0)	(74, 0.0)	(76, 0.0)
NS71_paired_1	(1, 0.10665494108945779)	(2, 0.0)	(3, 0.0)	(4, 0.0)	(5, 0.0)	(6, 0.0)	(7, 0.0)	(8, 0.0)	(9, 0.0)	(10, 0.0)	(12, 0.0)	(14, 0.0)	(16, 0.0)	(18, 0.0)	(20, 0.0)	(22, 0.0)	(24, 0.0012932621921558358)	(26, 0.0008964658377443862)	(28, 0.0)	(30, 0.00021799305890505565)	(32, 0.0)	(34, 0.0)	(36, 0.0)	(38, 0.00019594881699330844)	(40, 0.0001763539352939776)	(42, 0.0)	(44, 0.0016557675035934563)	(46, 1.9594881699330844e-05)	(48, 0.0)	(50, 0.00014455413135707417)	(52, 0.003203580003106442)	(54, 0.0008572110620901552)	(56, 3.935628176805243e-05)	(58, 0.0001527243085320716)	(60, 0.0)	(62, 3.9541854237159294e-05)	(64, 0.00013371569418626448)	(66, 0.0)	(68, 0.0)	(70, 0.0)	(72, 7.512084690641835e-05)	(74, 2.527902290307282e-06)	(76, 0.0)
NS71_paired_2	(1, 0.00010777184934631964)	(2, 0.0)	(3, 0.0)	(4, 0.0)	(5, 0.0)	(6, 0.0)	(7, 0.0)	(8, 0.0)	(9, 0.0)	(10, 0.0)	(12, 0.0)	(14, 7.3480806372490675e-06)	(16, 0.00041639123611078045)	(18, 0.0)	(20, 0.030408807037149054)	(22, 0.0)	(24, 0.0)	(26, 0.0)	(28, 0.0)	(30, 0.0)	(32, 0.0)	(34, 0.00020819561805539023)	(36, 7.103144616007432e-05)	(38, 0.0009846428053913749)	(40, 0.0007054157411759104)	(42, 0.0001812526557188103)	(44, 0.0)	(46, 0.0)	(48, 0.0)	(50, 0.0)	(52, 1.724957668306707e-05)	(54, 0.00028801216881207595)	(56, 0.00039447482580253846)	(58, 0.0005197572929292594)	(60, 2.523375159622404e-06)	(62, 0.0)	(64, 0.0)	(66, 0.0)	(68, 0.0)	(70, 0.0)	(72, 0.0)	(74, 0.0)	(76, 0.0)
NS72_paired_1	(1, 0.10843080795848292)	(2, 0.0)	(3, 0.0)	(4, 0.0)	(5, 0.0)	(6, 0.0)	(7, 0.0)	(8, 0.0)	(9, 0.0)	(10, 0.0)	(12, 0.0)	(14, 0.0)	(16, 0.0)	(18, 0.0)	(20, 0.0)	(22, 0.0)	(24, 0.0013080293785697249)	(26, 0.0008597592048946874)	(28, 0.0)	(30, 0.0002827550326257929)	(32, 0.0)	(34, 0.0)	(36, 0.0)	(38, 0.0002482727115738669)	(40, 0.00013563046280424211)	(42, 0.0)	(44, 0.0017356101596136067)	(46, 4.597642806923462e-06)	(48, 0.0)	(50, 0.0001011797094210727)	(52, 0.003317573057862572)	(54, 0.0007861742882459842)	(56, 4.386395552638167e-05)	(58, 0.00027045720374204585)	(60, 0.0)	(62, 3.710188890586043e-05)	(64, 0.00021138764279874078)	(66, 0.0)	(68, 0.0)	(70, 0.0)	(72, 0.00011289936917007063)	(74, 0.0)	(76, 0.0)
NS72_paired_2	(1, 0.00015631985543539768)	(2, 0.0)	(3, 0.0)	(4, 0.0)	(5, 0.0)	(6, 0.0)	(7, 0.0)	(8, 0.0)	(9, 0.0)	(10, 0.0)	(12, 0.0)	(14, 2.5287035438079043e-05)	(16, 0.000393098459991956)	(18, 0.0)	(20, 0.030772023306738727)	(22, 0.0)	(24, 2.298821403461731e-06)	(26, 0.0)	(28, 0.0)	(30, 0.0)	(32, 0.0)	(34, 0.00024367506876694347)	(36, 8.505639192808404e-05)	(38, 0.0010551590241889345)	(40, 0.0007953922055977589)	(42, 0.00022068685473232617)	(44, 0.0)	(46, 0.0)	(48, 0.0)	(50, 0.0)	(52, 2.3137381232062312e-05)	(54, 0.00031940007619906633)	(56, 0.00045242389972148506)	(58, 0.0004973713452959078)	(60, 7.105970388947657e-06)	(62, 0.0)	(64, 0.0)	(66, 0.0)	(68, 0.0)	(70, 0.0)	(72, 0.0)	(74, 0.0)	(76, 0.0)
NS77_paired_1	(1, 0.13644548892122627)	(2, 0.0)	(3, 0.0)	(4, 0.0)	(5, 0.0)	(6, 0.0)	(7, 0.0)	(8, 0.0)	(9, 0.0)	(10, 0.0)	(12, 0.0)	(14, 0.0)	(16, 0.0)	(18, 0.0)	(20, 0.0)	(22, 0.0)	(24, 0.0)	(26, 0.0)	(28, 0.0)	(30, 0.0)	(32, 0.0)	(34, 0.0)	(36, 0.0)	(38, 0.0003517651717022085)	(40, 0.0)	(42, 0.0)	(44, 0.0)	(46, 2.8141213736176685e-06)	(48, 0.0)	(50, 0.0)	(52, 0.0)	(54, 0.0)	(56, 0.0)	(58, 0.0)	(60, 0.0)	(62, 2.8397411666798288e-06)	(64, 0.0012208737654091912)	(66, 0.0)	(68, 0.0)	(70, 0.0)	(72, 0.00017606648593778624)	(74, 2.6434198451220315e-05)	(76, 0.0)
NS77_paired_2	(1, 0.0)	(2, 0.0)	(3, 0.0)	(4, 0.0)	(5, 0.0)	(6, 0.0)	(7, 0.0)	(8, 0.0)	(9, 0.0)	(10, 0.0)	(12, 0.0)	(14, 0.0)	(16, 0.0)	(18, 0.0)	(20, 0.0)	(22, 0.0)	(24, 0.0)	(26, 0.0)	(28, 0.0)	(30, 0.0)	(32, 0.0)	(34, 0.0)	(36, 0.0)	(38, 0.0)	(40, 0.0)	(42, 0.0)	(44, 0.0)	(46, 0.0)	(48, 0.0)	(50, 0.0)	(52, 0.0)	(54, 0.0)	(56, 0.0)	(58, 0.0)	(60, 0.0)	(62, 0.0005388383623554587)	(64, 0.0)	(66, 3.861385412214625e-05)	(68, 0.0)	(70, 0.0)	(72, 0.0)	(74, 0.0)	(76, 0.0)
NS78_paired_1	(1, 0.13760675948775758)	(2, 0.0)	(3, 0.0)	(4, 0.0)	(5, 0.0)	(6, 0.0)	(7, 0.0)	(8, 0.0)	(9, 0.0)	(10, 0.0)	(12, 0.0)	(14, 0.0)	(16, 0.0)	(18, 0.0)	(20, 0.0)	(22, 0.0006621647696503743)	(24, 0.00010978897735135738)	(26, 6.8618110844598365e-06)	(28, 0.0)	(30, 0.0)	(32, 0.0)	(34, 6.8618110844598365e-06)	(36, 0.0)	(38, 0.0)	(40, 0.0)	(42, 0.0)	(44, 0.0)	(46, 0.0)	(48, 0.0)	(50, 0.0)	(52, 3.44023461023948e-06)	(54, 0.0)	(56, 0.0)	(58, 0.0)	(60, 0.0)	(62, 4.2440222239638436e-05)	(64, 0.0008220553390572584)	(66, 7.883387216284957e-05)	(68, 0.0)	(70, 0.0)	(72, 0.0001113489276764218)	(74, 2.71544758780778e-05)	(76, 0.0)
NS78_paired_2	(1, 0.0)	(2, 0.0)	(3, 0.0)	(4, 0.0)	(5, 0.0)	(6, 0.0)	(7, 0.0)	(8, 0.0)	(9, 0.0)	(10, 0.0)	(12, 0.0)	(14, 0.0)	(16, 0.0)	(18, 0.0)	(20, 0.0)	(22, 0.0)	(24, 0.0)	(26, 0.0)	(28, 0.0)	(30, 0.0)	(32, 0.0)	(34, 0.0)	(36, 0.0)	(38, 0.0)	(40, 0.0)	(42, 0.0)	(44, 0.0)	(46, 0.0)	(48, 0.0)	(50, 0.0)	(52, 0.0)	(54, 0.0)	(56, 0.0)	(58, 0.0)	(60, 0.0)	(62, 0.0)	(64, 0.0)	(66, 0.0)	(68, 0.0)	(70, 0.0)	(72, 0.0)	(74, 0.0)	(76, 0.0)
NS79_paired_1	(1, 0.1076375093451068)	(2, 0.0)	(3, 0.0)	(4, 0.0)	(5, 0.0)	(6, 0.0)	(7, 0.0)	(8, 0.0)	(9, 0.0)	(10, 0.0)	(12, 0.0)	(14, 0.0)	(16, 0.0)	(18, 0.0)	(20, 0.0)	(22, 0.0)	(24, 0.0013943749502481721)	(26, 0.0009325250194697692)	(28, 0.0)	(30, 0.00027652161460617764)	(32, 0.0)	(34, 0.0)	(36, 0.0)	(38, 0.000232395825041362)	(40, 0.00015002768452037295)	(42, 0.0)	(44, 0.0016650131262457078)	(46, 1.1766877217284154e-05)	(48, 0.0)	(50, 0.00010887372980771163)	(52, 0.003423089166523744)	(54, 0.000864203182249774)	(56, 4.1350937490732955e-05)	(58, 0.0001715433127787967)	(60, 0.0)	(62, 4.1536081429707524e-05)	(64, 0.0001426732726769804)	(66, 0.0)	(68, 0.0)	(70, 0.0)	(72, 0.000117135320579099)	(74, 3.0298047651375637e-06)	(76, 0.0)
NS79_paired_2	(1, 9.413501773827323e-05)	(2, 0.0)	(3, 0.0)	(4, 0.0)	(5, 0.0)	(6, 0.0)	(7, 0.0)	(8, 0.0)	(9, 0.0)	(10, 0.0)	(12, 0.0)	(14, 1.765031582592623e-05)	(16, 0.0004147824219092664)	(18, 0.0)	(20, 0.030826276589980165)	(22, 0.0)	(24, 5.883438608642077e-06)	(26, 0.0)	(28, 0.0)	(30, 0.0)	(32, 0.0)	(34, 0.00020886207060679372)	(36, 0.00010001845634691531)	(38, 0.0010148931599907583)	(40, 0.0008148562472969277)	(42, 0.00020592035130247271)	(44, 0.0)	(46, 0.0)	(48, 0.0)	(50, 0.0)	(52, 3.2558453004640556e-05)	(54, 0.0003161091520130442)	(56, 0.0004077982540477575)	(58, 0.0004794362842445658)	(60, 6.060296067279953e-06)	(62, 0.0)	(64, 0.0)	(66, 0.0)	(68, 0.0)	(70, 0.0)	(72, 0.0)	(74, 0.0)	(76, 0.0)
NS7_paired_1	(1, 0.11994920160822324)	(2, 0.0)	(3, 0.0)	(4, 0.0)	(5, 0.0)	(6, 0.0)	(7, 0.0)	(8, 0.0)	(9, 0.0)	(10, 0.0)	(12, 0.0)	(14, 0.0)	(16, 0.0)	(18, 0.0)	(20, 0.0)	(22, 0.00011548382696555511)	(24, 0.0023526999258276816)	(26, 2.2643887640304927e-05)	(28, 0.0)	(30, 0.0)	(32, 0.0)	(34, 0.0008265018988711298)	(36, 1.5850721348213447e-05)	(38, 0.0)	(40, 0.00047778602921043394)	(42, 0.0006634659078609343)	(44, 0.0007064892943775136)	(46, 0.0)	(48, 0.0)	(50, 0.0005392354633504199)	(52, 0.002954407049937359)	(54, 0.0016708201951627251)	(56, 0.0)	(58, 0.0)	(60, 0.0002889762840833193)	(62, 0.00025071607039868043)	(64, 0.0)	(66, 0.0)	(68, 0.0)	(70, 0.0)	(72, 2.3449222596130496e-06)	(74, 0.0)	(76, 0.0)
NS7_paired_2	(1, 0.0)	(2, 0.0)	(3, 9.05755505612197e-06)	(4, 0.0019383167820101015)	(5, 0.0)	(6, 0.0)	(7, 0.0)	(8, 0.0)	(9, 0.0)	(10, 0.0)	(12, 6.793166292091477e-06)	(14, 0.0)	(16, 0.0004211763101096716)	(18, 0.0)	(20, 0.0)	(22, 0.0)	(24, 0.0)	(26, 0.0)	(28, 0.0)	(30, 0.0)	(32, 0.0)	(34, 0.00014039210336989054)	(36, 2.037949887627443e-05)	(38, 0.0010325612763979045)	(40, 0.00039400364494130574)	(42, 0.00032154320449232995)	(44, 0.0)	(46, 0.0)	(48, 0.0)	(50, 0.0)	(52, 0.00018643763939481887)	(54, 0.0002805831978797035)	(56, 0.0005814474938491325)	(58, 0.0005285600044527733)	(60, 0.0005101492579001864)	(62, 0.0002667577137806177)	(64, 0.0)	(66, 0.0)	(68, 0.0)	(70, 0.0)	(72, 0.0)	(74, 0.0)	(76, 0.0)
NS81_paired_1	(1, 0.15435022738959436)	(2, 0.0)	(3, 0.0)	(4, 0.0)	(5, 0.0)	(6, 0.0)	(7, 0.0)	(8, 0.0)	(9, 0.0)	(10, 0.0)	(12, 0.0)	(14, 0.0)	(16, 0.0)	(18, 0.0)	(20, 0.0)	(22, 0.0001621261653582881)	(24, 0.0008473386378159587)	(26, 0.001813977661461601)	(28, 0.0)	(30, 0.0)	(32, 0.0)	(34, 0.0)	(36, 0.0)	(38, 6.117968504086344e-06)	(40, 0.0)	(42, 0.0)	(44, 9.176952756129516e-06)	(46, 0.0)	(48, 0.005344045488319422)	(50, 0.0)	(52, 4.009956289625694e-05)	(54, 9.019906591713523e-05)	(56, 4.710380378288764e-05)	(58, 0.0)	(60, 0.0)	(62, 8.470909041268379e-05)	(64, 0.001105047429859844)	(66, 0.000787739487953174)	(68, 0.0)	(70, 0.0)	(72, 7.225860864676137e-06)	(74, 4.6002621382708455e-05)	(76, 0.0)
NS81_paired_2	(1, 0.002220822566983343)	(2, 0.0)	(3, 0.0)	(4, 0.00202504757485258)	(5, 0.0)	(6, 0.0)	(7, 0.0)	(8, 0.0)	(9, 0.0)	(10, 0.0)	(12, 0.0)	(14, 0.0)	(16, 0.0)	(18, 0.0)	(20, 0.0)	(22, 0.0)	(24, 0.0)	(26, 0.0)	(28, 0.0)	(30, 0.0)	(32, 0.0)	(34, 0.0)	(36, 0.0)	(38, 0.0)	(40, 0.0)	(42, 0.0)	(44, 0.0)	(46, 0.0)	(48, 0.0)	(50, 0.0)	(52, 0.0)	(54, 0.0)	(56, 0.0)	(58, 0.0)	(60, 0.0)	(62, 0.0016412086181807196)	(64, 0.0)	(66, 0.0)	(68, 0.0)	(70, 0.0)	(72, 0.0)	(74, 0.0)	(76, 0.0)
NS83_paired_1	(1, 0.10869773176590633)	(2, 0.0)	(3, 0.0)	(4, 0.0)	(5, 0.0)	(6, 0.0)	(7, 0.0)	(8, 0.0)	(9, 0.0)	(10, 0.0)	(12, 0.0)	(14, 0.0)	(16, 0.0)	(18, 0.0)	(20, 0.0)	(22, 0.0)	(24, 0.0013445717565527943)	(26, 0.0009539550604791564)	(28, 0.0)	(30, 0.00022852405348525756)	(32, 0.0)	(34, 0.0)	(36, 0.0)	(38, 0.00021258051487000704)	(40, 0.00017006441189600563)	(42, 0.0)	(44, 0.0016474989902425545)	(46, 0.0)	(48, 0.0)	(50, 0.0001515048458027536)	(52, 0.0032728714242083604)	(54, 0.0008152244932440668)	(56, 2.6676561181052464e-05)	(58, 0.0002163609535363784)	(60, 0.0)	(62, 2.679097033920771e-05)	(64, 0.0001878679091069291)	(66, 0.0)	(68, 0.0)	(70, 0.0)	(72, 8.946300886220567e-05)	(74, 5.4690385558741175e-06)	(76, 0.0)
NS83_paired_2	(1, 9.566123169150316e-05)	(2, 0.0)	(3, 0.0)	(4, 0.0)	(5, 0.0)	(6, 0.0)	(7, 0.0)	(8, 0.0)	(9, 0.0)	(10, 0.0)	(12, 0.0)	(14, 5.314512871750176e-06)	(16, 0.0004198465168682639)	(18, 0.0)	(20, 0.03082151739971514)	(22, 0.0)	(24, 0.0)	(26, 0.0)	(28, 0.0)	(30, 0.0)	(32, 0.0)	(34, 0.0002338385663570077)	(36, 0.00010097574456325333)	(38, 0.0010868178822729109)	(40, 0.000759975340660275)	(42, 0.0002524393614081333)	(44, 0.0)	(46, 0.0)	(48, 0.0)	(50, 0.0)	(52, 3.207519194797211e-05)	(54, 0.00030425879380613103)	(56, 0.0004412335634406971)	(58, 0.00047358954418802744)	(60, 2.734897921029057e-06)	(62, 0.0)	(64, 0.0)	(66, 0.0)	(68, 0.0)	(70, 0.0)	(72, 0.0)	(74, 0.0)	(76, 0.0)
NS86_paired_1	(1, 0.18951608791098942)	(2, 0.0)	(3, 0.0)	(4, 0.0)	(5, 0.0)	(6, 0.0)	(7, 0.0)	(8, 0.0)	(9, 0.0)	(10, 0.0)	(12, 0.0)	(14, 0.0)	(16, 0.0)	(18, 0.0)	(20, 0.0)	(22, 0.0)	(24, 0.0008769223510753308)	(26, 0.0)	(28, 0.0)	(30, 0.0)	(32, 0.0)	(34, 0.0)	(36, 0.0)	(38, 0.0)	(40, 0.0)	(42, 0.0)	(44, 0.0)	(46, 0.0)	(48, 0.0)	(50, 0.0)	(52, 0.0)	(54, 0.0)	(56, 0.0)	(58, 5.654639766225883e-06)	(60, 0.0)	(62, 9.662489799678966e-05)	(64, 0.0012274530264264087)	(66, 0.0)	(68, 0.0)	(70, 0.0)	(72, 0.0003688988205930043)	(74, 0.0)	(76, 0.0)
NS86_paired_2	(1, 0.0)	(2, 0.0)	(3, 0.0)	(4, 0.0)	(5, 0.0)	(6, 0.0)	(7, 0.0)	(8, 0.0)	(9, 0.0)	(10, 0.0)	(12, 0.0)	(14, 0.0)	(16, 0.0)	(18, 0.0)	(20, 0.0)	(22, 0.0)	(24, 0.0)	(26, 0.0)	(28, 0.0)	(30, 0.0)	(32, 0.0)	(34, 0.0)	(36, 0.0)	(38, 0.0)	(40, 0.0)	(42, 0.0)	(44, 0.0)	(46, 0.0)	(48, 0.0)	(50, 0.0)	(52, 0.0)	(54, 0.0)	(56, 0.0)	(58, 0.0)	(60, 0.0)	(62, 0.0)	(64, 0.0)	(66, 0.0)	(68, 0.0)	(70, 0.0)	(72, 0.0)	(74, 0.0)	(76, 0.0)
NS9_paired_1	(1, 0.11749839366261187)	(2, 0.0)	(3, 0.0)	(4, 0.0)	(5, 0.0)	(6, 0.0)	(7, 0.0)	(8, 0.0)	(9, 0.0)	(10, 0.0)	(12, 0.0)	(14, 0.0)	(16, 0.0)	(18, 0.0)	(20, 0.0)	(22, 0.0001180834434506172)	(24, 0.002452915166224185)	(26, 1.3418573119388318e-05)	(28, 0.0)	(30, 0.0)	(32, 0.0)	(34, 0.0007675423824290118)	(36, 8.05114387163299e-06)	(38, 0.0)	(40, 0.00038108747659062824)	(42, 0.000662877512097783)	(44, 0.0006816635144649266)	(46, 0.0)	(48, 0.0)	(50, 0.0004941413898575224)	(52, 0.0028945161573911337)	(54, 0.0016257489686418679)	(56, 0.0)	(58, 0.0)	(60, 0.0002859485300815811)	(62, 0.00025956551519670026)	(64, 0.0)	(66, 0.0)	(68, 0.0)	(70, 0.0)	(72, 5.6107155915081484e-06)	(74, 0.0)	(76, 0.0)
NS9_paired_2	(1, 0.0)	(2, 0.0)	(3, 5.367429247755328e-06)	(4, 0.0020181533971560034)	(5, 0.0)	(6, 0.0)	(7, 0.0)	(8, 0.0)	(9, 0.0)	(10, 0.0)	(12, 5.367429247755328e-06)	(14, 0.0)	(16, 0.0003971897643338943)	(18, 0.0)	(20, 0.0)	(22, 0.0)	(24, 0.0)	(26, 0.0)	(28, 0.0)	(30, 0.0)	(32, 0.0)	(34, 0.00015297173356102685)	(36, 2.4153431614898977e-05)	(38, 0.000925881545237794)	(40, 0.0003596177595996069)	(42, 0.000311310896369809)	(44, 0.0)	(46, 0.0)	(48, 0.0)	(50, 0.0)	(52, 0.0001538411835925301)	(54, 0.00027380134042834833)	(56, 0.0005690660952843725)	(58, 0.0005225643848569049)	(60, 0.0005033898215568356)	(62, 0.00020755922965526568)	(64, 0.0)	(66, 0.0)	(68, 0.0)	(70, 0.0)	(72, 0.0)	(74, 0.0)	(76, 0.0)
